/*--------------------------------*- C++ -*----------------------------------*\
| =========                 |                                                 |
| \\      /  F ield         | OpenFOAM: The Open Source CFD Toolbox           |
|  \\    /   O peration     | Version:  5.x                                   |
|   \\  /    A nd           | Web:      www.OpenFOAM.org                      |
|    \\/     M anipulation  |                                                 |
\*---------------------------------------------------------------------------*/
/*   Windows 32 and 64 bit porting by blueCAPE: http://www.bluecape.com.pt   *\
|  Based on Windows porting (2.0.x v4) by Symscape: http://www.symscape.com   |
\*---------------------------------------------------------------------------*/
FoamFile
{
    version     2.0;
    format      ascii;
    class       cellSet;
    location    "constant/polyMesh/sets";
    object      internalChannel1Zone;
}
// * * * * * * * * * * * * * * * * * * * * * * * * * * * * * * * * * * * * * //


11424
(
32768 
32769 
32770 
32771 
32772 
32773 
32774 
32775 
32776 
32777 
32778 
32779 
32780 
32790 
32791 
32792 
32793 
32794 
32795 
32796 
32797 
32798 
32799 
32800 
32801 
32802 
32803 
32804 
32805 
32806 
32807 
32808 
32809 
32810 
32820 
32821 
32822 
32823 
32824 
32825 
32826 
32827 
32828 
32829 
32830 
32831 
32832 
32833 
32834 
32835 
32836 
32837 
32838 
32839 
32840 
32850 
32851 
32852 
32853 
32854 
32855 
32856 
32857 
32858 
32859 
32860 
32861 
32862 
32863 
32864 
32865 
32866 
32867 
32868 
32869 
32870 
32880 
32881 
32882 
32883 
32884 
32885 
32886 
32887 
32888 
32889 
32890 
32891 
32892 
32893 
32894 
32895 
32896 
32897 
32898 
32899 
32900 
32910 
32911 
32912 
32913 
32914 
32915 
32916 
32917 
32918 
32919 
32920 
32921 
32922 
32923 
32924 
32925 
32926 
32927 
32928 
32929 
32930 
32940 
32941 
32942 
32943 
32944 
32945 
32946 
32947 
32948 
32949 
32950 
32951 
32952 
32953 
32954 
32955 
32956 
32957 
32958 
32959 
32960 
32970 
32971 
32972 
32973 
32974 
32975 
32976 
32977 
32978 
32979 
32980 
32981 
32982 
32983 
32984 
32985 
32986 
32987 
32988 
32989 
32990 
33000 
33001 
33002 
33003 
33004 
33005 
33006 
33007 
33008 
33009 
33010 
33011 
33012 
33013 
33014 
33015 
33016 
33017 
33018 
33019 
33020 
33030 
33031 
33032 
33033 
33034 
33035 
33036 
33037 
33038 
33039 
33040 
33041 
33042 
33043 
33044 
33045 
33046 
33047 
33048 
33049 
33050 
33060 
33061 
33062 
33063 
33064 
33065 
33066 
33067 
33068 
33069 
33070 
33071 
33072 
33073 
33074 
33075 
33076 
33077 
33078 
33079 
33080 
33090 
33091 
33092 
33093 
33094 
33095 
33096 
33097 
33098 
33099 
33100 
33101 
33102 
33103 
33104 
33105 
33106 
33107 
33108 
33109 
33110 
33660 
33661 
33662 
33663 
33664 
33665 
33666 
33667 
33668 
33669 
33670 
33671 
33672 
33673 
33674 
33675 
33676 
33677 
33678 
33679 
33680 
33690 
33691 
33692 
33693 
33694 
33695 
33696 
33697 
33698 
33699 
33700 
33701 
33702 
33703 
33704 
33705 
33706 
33707 
33708 
33709 
33710 
33720 
33721 
33722 
33723 
33724 
33725 
33726 
33727 
33728 
33729 
33730 
33731 
33732 
33733 
33734 
33735 
33736 
33737 
33738 
33739 
33740 
33750 
33751 
33752 
33753 
33754 
33755 
33756 
33757 
33758 
33759 
33760 
33761 
33762 
33763 
33764 
33765 
33766 
33767 
33768 
33769 
33770 
33780 
33781 
33782 
33783 
33784 
33785 
33786 
33787 
33788 
33789 
33790 
33791 
33792 
33793 
33794 
33795 
33796 
33797 
33798 
33799 
33800 
33810 
33811 
33812 
33813 
33814 
33815 
33816 
33817 
33818 
33819 
33820 
33821 
33822 
33823 
33824 
33825 
33826 
33827 
33828 
33829 
33830 
33840 
33841 
33842 
33843 
33844 
33845 
33846 
33847 
33848 
33849 
33850 
33851 
33852 
33853 
33854 
33855 
33856 
33857 
33858 
33859 
33860 
33870 
33871 
33872 
33873 
33874 
33875 
33876 
33877 
33878 
33879 
33880 
33881 
33882 
33883 
33884 
33885 
33886 
33887 
33888 
33889 
33890 
33900 
33901 
33902 
33903 
33904 
33905 
33906 
33907 
33908 
33909 
33910 
33911 
33912 
33913 
33914 
33915 
33916 
33917 
33918 
33919 
33920 
33930 
33931 
33932 
33933 
33934 
33935 
33936 
33937 
33938 
33939 
33940 
33941 
33942 
33943 
33944 
33945 
33946 
33947 
33948 
33949 
33950 
33960 
33961 
33962 
33963 
33964 
33965 
33966 
33967 
33968 
33969 
33970 
33971 
33972 
33973 
33974 
33975 
33976 
33977 
33978 
33979 
33980 
33990 
33991 
33992 
33993 
33994 
33995 
33996 
33997 
33998 
33999 
34000 
34001 
34002 
34003 
34004 
34005 
34006 
34007 
34008 
34009 
34010 
34020 
34021 
34022 
34023 
34024 
34025 
34026 
34027 
34028 
34029 
34030 
34031 
34032 
34033 
34034 
34035 
34036 
34037 
34038 
34039 
34040 
34050 
34051 
34052 
34053 
34054 
34055 
34056 
34057 
34058 
34059 
34060 
34061 
34062 
34063 
34064 
34065 
34066 
34067 
34068 
34069 
34070 
34080 
34081 
34082 
34083 
34084 
34085 
34086 
34087 
34088 
34089 
34090 
34091 
34092 
34093 
34094 
34095 
34096 
34097 
34098 
34099 
34100 
34110 
34111 
34112 
34113 
34114 
34115 
34116 
34117 
34118 
34119 
34120 
34121 
34122 
34123 
34124 
34125 
34126 
34127 
34128 
34129 
34130 
34680 
34681 
34682 
34683 
34684 
34685 
34686 
34687 
34688 
34689 
34690 
34691 
34692 
34693 
34694 
34695 
34696 
34697 
34698 
34699 
34700 
34710 
34711 
34712 
34713 
34714 
34715 
34716 
34717 
34718 
34719 
34720 
34721 
34722 
34723 
34724 
34725 
34726 
34727 
34728 
34729 
34730 
34740 
34741 
34742 
34743 
34744 
34745 
34746 
34747 
34748 
34749 
34750 
34751 
34752 
34753 
34754 
34755 
34756 
34757 
34758 
34759 
34760 
34770 
34771 
34772 
34773 
34774 
34775 
34776 
34777 
34778 
34779 
34780 
34781 
34782 
34783 
34784 
34785 
34786 
34787 
34788 
34789 
34790 
34800 
34801 
34802 
34803 
34804 
34805 
34806 
34807 
34808 
34809 
34810 
34811 
34812 
34813 
34814 
34815 
34816 
34817 
34818 
34819 
34820 
34830 
34831 
34832 
34833 
34834 
34835 
34836 
34837 
34838 
34839 
34840 
34841 
34842 
34843 
34844 
34845 
34846 
34847 
34848 
34849 
34850 
34860 
34861 
34862 
34863 
34864 
34865 
34866 
34867 
34868 
34869 
34870 
34871 
34872 
34873 
34874 
34875 
34876 
34877 
34878 
34879 
34880 
34890 
34891 
34892 
34893 
34894 
34895 
34896 
34897 
34898 
34899 
34900 
34901 
34902 
34903 
34904 
34905 
34906 
34907 
34908 
34909 
34910 
34920 
34921 
34922 
34923 
34924 
34925 
34926 
34927 
34928 
34929 
34930 
34931 
34932 
34933 
34934 
34935 
34936 
34937 
34938 
34939 
34940 
34950 
34951 
34952 
34953 
34954 
34955 
34956 
34957 
34958 
34959 
34960 
34961 
34962 
34963 
34964 
34965 
34966 
34967 
34968 
34969 
34970 
34980 
34981 
34982 
34983 
34984 
34985 
34986 
34987 
34988 
34989 
34990 
34991 
34992 
34993 
34994 
34995 
34996 
34997 
34998 
34999 
35000 
35010 
35011 
35012 
35013 
35014 
35015 
35016 
35017 
35018 
35019 
35020 
35021 
35022 
35023 
35024 
35025 
35026 
35027 
35028 
35029 
35030 
35040 
35041 
35042 
35043 
35044 
35045 
35046 
35047 
35048 
35049 
35050 
35051 
35052 
35053 
35054 
35055 
35056 
35057 
35058 
35059 
35060 
35070 
35071 
35072 
35073 
35074 
35075 
35076 
35077 
35078 
35079 
35080 
35081 
35082 
35083 
35084 
35085 
35086 
35087 
35088 
35089 
35090 
35100 
35101 
35102 
35103 
35104 
35105 
35106 
35107 
35108 
35109 
35110 
35111 
35112 
35113 
35114 
35115 
35116 
35117 
35118 
35119 
35120 
35130 
35131 
35132 
35133 
35134 
35135 
35136 
35137 
35138 
35139 
35140 
35141 
35142 
35143 
35144 
35145 
35146 
35147 
35148 
35149 
35150 
35700 
35701 
35702 
35703 
35704 
35705 
35706 
35707 
35708 
35709 
35710 
35711 
35712 
35713 
35714 
35715 
35716 
35717 
35718 
35719 
35720 
35730 
35731 
35732 
35733 
35734 
35735 
35736 
35737 
35738 
35739 
35740 
35741 
35742 
35743 
35744 
35745 
35746 
35747 
35748 
35749 
35750 
35760 
35761 
35762 
35763 
35764 
35765 
35766 
35767 
35768 
35769 
35770 
35771 
35772 
35773 
35774 
35775 
35776 
35777 
35778 
35779 
35780 
35790 
35791 
35792 
35793 
35794 
35795 
35796 
35797 
35798 
35799 
35800 
35801 
35802 
35803 
35804 
35805 
35806 
35807 
35808 
35809 
35810 
35820 
35821 
35822 
35823 
35824 
35825 
35826 
35827 
35828 
35829 
35830 
35831 
35832 
35833 
35834 
35835 
35836 
35837 
35838 
35839 
35840 
35850 
35851 
35852 
35853 
35854 
35855 
35856 
35857 
35858 
35859 
35860 
35861 
35862 
35863 
35864 
35865 
35866 
35867 
35868 
35869 
35870 
35880 
35881 
35882 
35883 
35884 
35885 
35886 
35887 
35888 
35889 
35890 
35891 
35892 
35893 
35894 
35895 
35896 
35897 
35898 
35899 
35900 
35910 
35911 
35912 
35913 
35914 
35915 
35916 
35917 
35918 
35919 
35920 
35921 
35922 
35923 
35924 
35925 
35926 
35927 
35928 
35929 
35930 
35940 
35941 
35942 
35943 
35944 
35945 
35946 
35947 
35948 
35949 
35950 
35951 
35952 
35953 
35954 
35955 
35956 
35957 
35958 
35959 
35960 
35970 
35971 
35972 
35973 
35974 
35975 
35976 
35977 
35978 
35979 
35980 
35981 
35982 
35983 
35984 
35985 
35986 
35987 
35988 
35989 
35990 
36000 
36001 
36002 
36003 
36004 
36005 
36006 
36007 
36008 
36009 
36010 
36011 
36012 
36013 
36014 
36015 
36016 
36017 
36018 
36019 
36020 
36030 
36031 
36032 
36033 
36034 
36035 
36036 
36037 
36038 
36039 
36040 
36041 
36042 
36043 
36044 
36045 
36046 
36047 
36048 
36049 
36050 
36060 
36061 
36062 
36063 
36064 
36065 
36066 
36067 
36068 
36069 
36070 
36071 
36072 
36073 
36074 
36075 
36076 
36077 
36078 
36079 
36080 
36090 
36091 
36092 
36093 
36094 
36095 
36096 
36097 
36098 
36099 
36100 
36101 
36102 
36103 
36104 
36105 
36106 
36107 
36108 
36109 
36110 
36120 
36121 
36122 
36123 
36124 
36125 
36126 
36127 
36128 
36129 
36130 
36131 
36132 
36133 
36134 
36135 
36136 
36137 
36138 
36139 
36140 
36150 
36151 
36152 
36153 
36154 
36155 
36156 
36157 
36158 
36159 
36160 
36161 
36162 
36163 
36164 
36165 
36166 
36167 
36168 
36169 
36170 
36720 
36721 
36722 
36723 
36724 
36725 
36726 
36727 
36728 
36729 
36730 
36731 
36732 
36733 
36734 
36735 
36736 
36737 
36738 
36739 
36740 
36750 
36751 
36752 
36753 
36754 
36755 
36756 
36757 
36758 
36759 
36760 
36761 
36762 
36763 
36764 
36765 
36766 
36767 
36768 
36769 
36770 
36780 
36781 
36782 
36783 
36784 
36785 
36786 
36787 
36788 
36789 
36790 
36791 
36792 
36793 
36794 
36795 
36796 
36797 
36798 
36799 
36800 
36810 
36811 
36812 
36813 
36814 
36815 
36816 
36817 
36818 
36819 
36820 
36821 
36822 
36823 
36824 
36825 
36826 
36827 
36828 
36829 
36830 
36840 
36841 
36842 
36843 
36844 
36845 
36846 
36847 
36848 
36849 
36850 
36851 
36852 
36853 
36854 
36855 
36856 
36857 
36858 
36859 
36860 
36870 
36871 
36872 
36873 
36874 
36875 
36876 
36877 
36878 
36879 
36880 
36881 
36882 
36883 
36884 
36885 
36886 
36887 
36888 
36889 
36890 
36900 
36901 
36902 
36903 
36904 
36905 
36906 
36907 
36908 
36909 
36910 
36911 
36912 
36913 
36914 
36915 
36916 
36917 
36918 
36919 
36920 
36930 
36931 
36932 
36933 
36934 
36935 
36936 
36937 
36938 
36939 
36940 
36941 
36942 
36943 
36944 
36945 
36946 
36947 
36948 
36949 
36950 
36960 
36961 
36962 
36963 
36964 
36965 
36966 
36967 
36968 
36969 
36970 
36971 
36972 
36973 
36974 
36975 
36976 
36977 
36978 
36979 
36980 
36990 
36991 
36992 
36993 
36994 
36995 
36996 
36997 
36998 
36999 
37000 
37001 
37002 
37003 
37004 
37005 
37006 
37007 
37008 
37009 
37010 
37020 
37021 
37022 
37023 
37024 
37025 
37026 
37027 
37028 
37029 
37030 
37031 
37032 
37033 
37034 
37035 
37036 
37037 
37038 
37039 
37040 
37050 
37051 
37052 
37053 
37054 
37055 
37056 
37057 
37058 
37059 
37060 
37061 
37062 
37063 
37064 
37065 
37066 
37067 
37068 
37069 
37070 
37080 
37081 
37082 
37083 
37084 
37085 
37086 
37087 
37088 
37089 
37090 
37091 
37092 
37093 
37094 
37095 
37096 
37097 
37098 
37099 
37100 
37110 
37111 
37112 
37113 
37114 
37115 
37116 
37117 
37118 
37119 
37120 
37121 
37122 
37123 
37124 
37125 
37126 
37127 
37128 
37129 
37130 
37140 
37141 
37142 
37143 
37144 
37145 
37146 
37147 
37148 
37149 
37150 
37151 
37152 
37153 
37154 
37155 
37156 
37157 
37158 
37159 
37160 
37170 
37171 
37172 
37173 
37174 
37175 
37176 
37177 
37178 
37179 
37180 
37181 
37182 
37183 
37184 
37185 
37186 
37187 
37188 
37189 
37190 
4620 
4621 
4622 
4623 
4624 
4625 
4626 
4627 
4628 
4629 
4630 
4631 
4632 
4633 
4634 
4635 
4636 
4637 
4638 
4639 
4640 
4650 
4651 
4652 
4653 
4654 
4655 
4656 
4657 
4658 
4659 
4660 
4661 
4662 
4663 
4664 
4665 
4666 
4667 
4668 
4669 
4670 
4680 
4681 
4682 
4683 
4684 
4685 
4686 
4687 
4688 
4689 
4690 
4691 
4692 
4693 
4694 
4695 
4696 
4697 
4698 
4699 
4700 
4710 
4711 
4712 
4713 
4714 
4715 
4716 
4717 
4718 
4719 
4720 
4721 
4722 
4723 
4724 
4725 
4726 
4727 
4728 
4729 
4730 
4740 
4741 
4742 
4743 
4744 
4745 
4746 
4747 
4748 
4749 
4750 
4751 
4752 
4753 
4754 
4755 
4756 
4757 
4758 
4759 
4760 
4770 
4771 
4772 
4773 
4774 
4775 
4776 
4777 
4778 
4779 
4780 
4781 
4782 
4783 
4784 
4785 
4786 
4787 
4788 
4789 
4790 
4800 
4801 
4802 
4803 
4804 
4805 
4806 
4807 
4808 
4809 
4810 
4811 
4812 
4813 
4814 
4815 
4816 
4817 
4818 
4819 
4820 
4830 
4831 
4832 
4833 
4834 
4835 
4836 
4837 
4838 
4839 
4840 
4841 
4842 
4843 
4844 
4845 
4846 
4847 
4848 
4849 
4850 
4860 
4861 
4862 
4863 
4864 
4865 
4866 
4867 
4868 
4869 
4870 
4871 
4872 
4873 
4874 
4875 
4876 
4877 
4878 
4879 
4880 
4890 
4891 
4892 
4893 
4894 
4895 
4896 
4897 
4898 
4899 
4900 
4901 
4902 
4903 
4904 
4905 
4906 
4907 
4908 
4909 
4910 
4920 
4921 
4922 
4923 
4924 
4925 
4926 
4927 
4928 
4929 
4930 
4931 
4932 
4933 
4934 
4935 
4936 
4937 
4938 
4939 
4940 
4950 
4951 
4952 
4953 
4954 
4955 
4956 
4957 
4958 
4959 
4960 
4961 
4962 
4963 
4964 
4965 
4966 
4967 
4968 
4969 
4970 
37740 
37741 
37742 
37743 
37744 
37745 
37746 
37747 
37748 
4980 
37749 
4981 
37750 
4982 
37751 
4983 
37752 
4984 
37753 
4985 
37754 
4986 
37755 
4987 
37756 
4988 
37757 
4989 
37758 
4990 
37759 
4991 
37760 
4992 
4993 
4994 
4995 
4996 
4997 
4998 
4999 
5000 
37770 
37771 
37772 
37773 
37774 
37775 
37776 
37777 
37778 
5010 
37779 
5011 
37780 
5012 
37781 
5013 
37782 
5014 
37783 
5015 
37784 
5016 
37785 
5017 
37786 
5018 
37787 
5019 
37788 
5020 
37789 
5021 
37790 
5022 
5023 
5024 
5025 
5026 
5027 
5028 
5029 
5030 
37800 
37801 
37802 
37803 
37804 
37805 
37806 
37807 
37808 
5040 
37809 
5041 
37810 
5042 
37811 
5043 
37812 
5044 
37813 
5045 
37814 
5046 
37815 
5047 
37816 
5048 
37817 
5049 
37818 
5050 
37819 
5051 
37820 
5052 
5053 
5054 
5055 
5056 
5057 
5058 
5059 
5060 
37830 
37831 
37832 
37833 
37834 
37835 
37836 
37837 
37838 
5070 
37839 
5071 
37840 
5072 
37841 
5073 
37842 
5074 
37843 
5075 
37844 
5076 
37845 
5077 
37846 
5078 
37847 
5079 
37848 
5080 
37849 
5081 
37850 
5082 
5083 
5084 
5085 
5086 
5087 
5088 
5089 
5090 
37860 
37861 
37862 
37863 
37864 
37865 
37866 
37867 
37868 
37869 
37870 
37871 
37872 
37873 
37874 
37875 
37876 
37877 
37878 
37879 
37880 
37890 
37891 
37892 
37893 
37894 
37895 
37896 
37897 
37898 
37899 
37900 
37901 
37902 
37903 
37904 
37905 
37906 
37907 
37908 
37909 
37910 
37920 
37921 
37922 
37923 
37924 
37925 
37926 
37927 
37928 
37929 
37930 
37931 
37932 
37933 
37934 
37935 
37936 
37937 
37938 
37939 
37940 
37950 
37951 
37952 
37953 
37954 
37955 
37956 
37957 
37958 
37959 
37960 
37961 
37962 
37963 
37964 
37965 
37966 
37967 
37968 
37969 
37970 
37980 
37981 
37982 
37983 
37984 
37985 
37986 
37987 
37988 
37989 
37990 
37991 
37992 
37993 
37994 
37995 
37996 
37997 
37998 
37999 
38000 
38010 
38011 
38012 
38013 
38014 
38015 
38016 
38017 
38018 
38019 
38020 
38021 
38022 
38023 
38024 
38025 
38026 
38027 
38028 
38029 
38030 
38040 
38041 
38042 
38043 
38044 
38045 
38046 
38047 
38048 
38049 
38050 
38051 
38052 
38053 
38054 
38055 
38056 
38057 
38058 
38059 
38060 
38070 
38071 
38072 
38073 
38074 
38075 
38076 
38077 
38078 
38079 
38080 
38081 
38082 
38083 
38084 
38085 
38086 
38087 
38088 
38089 
38090 
38100 
38101 
38102 
38103 
38104 
38105 
38106 
38107 
38108 
38109 
38110 
38111 
38112 
38113 
38114 
38115 
38116 
38117 
38118 
38119 
38120 
38130 
38131 
38132 
38133 
38134 
38135 
38136 
38137 
38138 
38139 
38140 
38141 
38142 
38143 
38144 
38145 
38146 
38147 
38148 
38149 
38150 
38160 
38161 
38162 
38163 
38164 
38165 
38166 
38167 
38168 
38169 
38170 
38171 
38172 
38173 
38174 
38175 
38176 
38177 
38178 
38179 
38180 
38190 
38191 
38192 
38193 
38194 
38195 
38196 
38197 
38198 
38199 
38200 
38201 
38202 
38203 
38204 
38205 
38206 
38207 
38208 
38209 
38210 
5640 
5641 
5642 
5643 
5644 
5645 
5646 
5647 
5648 
5649 
5650 
5651 
5652 
5653 
5654 
5655 
5656 
5657 
5658 
5659 
5660 
5670 
5671 
5672 
5673 
5674 
5675 
5676 
5677 
5678 
5679 
5680 
5681 
5682 
5683 
5684 
5685 
5686 
5687 
5688 
5689 
5690 
5700 
5701 
5702 
5703 
5704 
5705 
5706 
5707 
5708 
5709 
5710 
5711 
5712 
5713 
5714 
5715 
5716 
5717 
5718 
5719 
5720 
5730 
5731 
5732 
5733 
5734 
5735 
5736 
5737 
5738 
5739 
5740 
5741 
5742 
5743 
5744 
5745 
5746 
5747 
5748 
5749 
5750 
5760 
5761 
5762 
5763 
5764 
5765 
5766 
5767 
5768 
5769 
5770 
5771 
5772 
5773 
5774 
5775 
5776 
5777 
5778 
5779 
5780 
5790 
5791 
5792 
5793 
5794 
5795 
5796 
5797 
5798 
5799 
5800 
5801 
5802 
5803 
5804 
5805 
5806 
5807 
5808 
5809 
5810 
5820 
5821 
5822 
5823 
5824 
5825 
5826 
5827 
5828 
5829 
5830 
5831 
5832 
5833 
5834 
5835 
5836 
5837 
5838 
5839 
5840 
5850 
5851 
5852 
5853 
5854 
5855 
5856 
5857 
5858 
5859 
5860 
5861 
5862 
5863 
5864 
5865 
5866 
5867 
5868 
5869 
5870 
5880 
5881 
5882 
5883 
5884 
5885 
5886 
5887 
5888 
5889 
5890 
5891 
5892 
5893 
5894 
5895 
5896 
5897 
5898 
5899 
5900 
5910 
5911 
5912 
5913 
5914 
5915 
5916 
5917 
5918 
5919 
5920 
5921 
5922 
5923 
5924 
5925 
5926 
5927 
5928 
5929 
5930 
5940 
5941 
5942 
5943 
5944 
5945 
5946 
5947 
5948 
5949 
5950 
5951 
5952 
5953 
5954 
5955 
5956 
5957 
5958 
5959 
5960 
5970 
5971 
5972 
5973 
5974 
5975 
5976 
5977 
5978 
5979 
5980 
5981 
5982 
5983 
5984 
5985 
5986 
5987 
5988 
5989 
5990 
38760 
38761 
38762 
38763 
38764 
38765 
38766 
38767 
38768 
6000 
38769 
6001 
38770 
6002 
38771 
6003 
38772 
6004 
38773 
6005 
38774 
6006 
38775 
6007 
38776 
6008 
38777 
6009 
38778 
6010 
38779 
6011 
38780 
6012 
6013 
6014 
6015 
6016 
6017 
6018 
6019 
6020 
38790 
38791 
38792 
38793 
38794 
38795 
38796 
38797 
38798 
6030 
38799 
6031 
38800 
6032 
38801 
6033 
38802 
6034 
38803 
6035 
38804 
6036 
38805 
6037 
38806 
6038 
38807 
6039 
38808 
6040 
38809 
6041 
38810 
6042 
6043 
6044 
6045 
6046 
6047 
6048 
6049 
6050 
38820 
38821 
38822 
38823 
38824 
38825 
38826 
38827 
38828 
6060 
38829 
6061 
38830 
6062 
38831 
6063 
38832 
6064 
38833 
6065 
38834 
6066 
38835 
6067 
38836 
6068 
38837 
6069 
38838 
6070 
38839 
6071 
38840 
6072 
6073 
6074 
6075 
6076 
6077 
6078 
6079 
6080 
38850 
38851 
38852 
38853 
38854 
38855 
38856 
38857 
38858 
6090 
38859 
6091 
38860 
6092 
38861 
6093 
38862 
6094 
38863 
6095 
38864 
6096 
38865 
6097 
38866 
6098 
38867 
6099 
38868 
6100 
38869 
6101 
38870 
6102 
6103 
6104 
6105 
6106 
6107 
6108 
6109 
6110 
38880 
38881 
38882 
38883 
38884 
38885 
38886 
38887 
38888 
38889 
38890 
38891 
38892 
38893 
38894 
38895 
38896 
38897 
38898 
38899 
38900 
38910 
38911 
38912 
38913 
38914 
38915 
38916 
38917 
38918 
38919 
38920 
38921 
38922 
38923 
38924 
38925 
38926 
38927 
38928 
38929 
38930 
38940 
38941 
38942 
38943 
38944 
38945 
38946 
38947 
38948 
38949 
38950 
38951 
38952 
38953 
38954 
38955 
38956 
38957 
38958 
38959 
38960 
38970 
38971 
38972 
38973 
38974 
38975 
38976 
38977 
38978 
38979 
38980 
38981 
38982 
38983 
38984 
38985 
38986 
38987 
38988 
38989 
38990 
39000 
39001 
39002 
39003 
39004 
39005 
39006 
39007 
39008 
39009 
39010 
39011 
39012 
39013 
39014 
39015 
39016 
39017 
39018 
39019 
39020 
39030 
39031 
39032 
39033 
39034 
39035 
39036 
39037 
39038 
39039 
39040 
39041 
39042 
39043 
39044 
39045 
39046 
39047 
39048 
39049 
39050 
39060 
39061 
39062 
39063 
39064 
39065 
39066 
39067 
39068 
39069 
39070 
39071 
39072 
39073 
39074 
39075 
39076 
39077 
39078 
39079 
39080 
39090 
39091 
39092 
39093 
39094 
39095 
39096 
39097 
39098 
39099 
39100 
39101 
39102 
39103 
39104 
39105 
39106 
39107 
39108 
39109 
39110 
39120 
39121 
39122 
39123 
39124 
39125 
39126 
39127 
39128 
39129 
39130 
39131 
39132 
39133 
39134 
39135 
39136 
39137 
39138 
39139 
39140 
39150 
39151 
39152 
39153 
39154 
39155 
39156 
39157 
39158 
39159 
39160 
39161 
39162 
39163 
39164 
39165 
39166 
39167 
39168 
39169 
39170 
39180 
39181 
39182 
39183 
39184 
39185 
39186 
39187 
39188 
39189 
39190 
39191 
39192 
39193 
39194 
39195 
39196 
39197 
39198 
39199 
39200 
39210 
39211 
39212 
39213 
39214 
39215 
39216 
39217 
39218 
39219 
39220 
39221 
39222 
39223 
39224 
39225 
39226 
39227 
39228 
39229 
39230 
6660 
6661 
6662 
6663 
6664 
6665 
6666 
6667 
6668 
6669 
6670 
6671 
6672 
6673 
6674 
6675 
6676 
6677 
6678 
6679 
6680 
6690 
6691 
6692 
6693 
6694 
6695 
6696 
6697 
6698 
6699 
6700 
6701 
6702 
6703 
6704 
6705 
6706 
6707 
6708 
6709 
6710 
6720 
6721 
6722 
6723 
6724 
6725 
6726 
6727 
6728 
6729 
6730 
6731 
6732 
6733 
6734 
6735 
6736 
6737 
6738 
6739 
6740 
6750 
6751 
6752 
6753 
6754 
6755 
6756 
6757 
6758 
6759 
6760 
6761 
6762 
6763 
6764 
6765 
6766 
6767 
6768 
6769 
6770 
6780 
6781 
6782 
6783 
6784 
6785 
6786 
6787 
6788 
6789 
6790 
6791 
6792 
6793 
6794 
6795 
6796 
6797 
6798 
6799 
6800 
6810 
6811 
6812 
6813 
6814 
6815 
6816 
6817 
6818 
6819 
6820 
6821 
6822 
6823 
6824 
6825 
6826 
6827 
6828 
6829 
6830 
6840 
6841 
6842 
6843 
6844 
6845 
6846 
6847 
6848 
6849 
6850 
6851 
6852 
6853 
6854 
6855 
6856 
6857 
6858 
6859 
6860 
6870 
6871 
6872 
6873 
6874 
6875 
6876 
6877 
6878 
6879 
6880 
6881 
6882 
6883 
6884 
6885 
6886 
6887 
6888 
6889 
6890 
6900 
6901 
6902 
6903 
6904 
6905 
6906 
6907 
6908 
6909 
6910 
6911 
6912 
6913 
6914 
6915 
6916 
6917 
6918 
6919 
6920 
6930 
6931 
6932 
6933 
6934 
6935 
6936 
6937 
6938 
6939 
6940 
6941 
6942 
6943 
6944 
6945 
6946 
6947 
6948 
6949 
6950 
6960 
6961 
6962 
6963 
6964 
6965 
6966 
6967 
6968 
6969 
6970 
6971 
6972 
6973 
6974 
6975 
6976 
6977 
6978 
6979 
6980 
6990 
6991 
6992 
6993 
6994 
6995 
6996 
6997 
6998 
6999 
7000 
7001 
7002 
7003 
7004 
7005 
7006 
7007 
7008 
7009 
7010 
39780 
39781 
39782 
39783 
39784 
39785 
39786 
39787 
39788 
7020 
39789 
7021 
39790 
7022 
39791 
7023 
39792 
7024 
39793 
7025 
39794 
7026 
39795 
7027 
39796 
7028 
39797 
7029 
39798 
7030 
39799 
7031 
39800 
7032 
7033 
7034 
7035 
7036 
7037 
7038 
7039 
7040 
39810 
39811 
39812 
39813 
39814 
39815 
39816 
39817 
39818 
7050 
39819 
7051 
39820 
7052 
39821 
7053 
39822 
7054 
39823 
7055 
39824 
7056 
39825 
7057 
39826 
7058 
39827 
7059 
39828 
7060 
39829 
7061 
39830 
7062 
7063 
7064 
7065 
7066 
7067 
7068 
7069 
7070 
39840 
39841 
39842 
39843 
39844 
39845 
39846 
39847 
39848 
7080 
39849 
7081 
39850 
7082 
39851 
7083 
39852 
7084 
39853 
7085 
39854 
7086 
39855 
7087 
39856 
7088 
39857 
7089 
39858 
7090 
39859 
7091 
39860 
7092 
7093 
7094 
7095 
7096 
7097 
7098 
7099 
7100 
39870 
39871 
39872 
39873 
39874 
39875 
39876 
39877 
39878 
7110 
39879 
7111 
39880 
7112 
39881 
7113 
39882 
7114 
39883 
7115 
39884 
7116 
39885 
7117 
39886 
7118 
39887 
7119 
39888 
7120 
39889 
7121 
39890 
7122 
7123 
7124 
7125 
7126 
7127 
7128 
7129 
7130 
39900 
39901 
39902 
39903 
39904 
39905 
39906 
39907 
39908 
39909 
39910 
39911 
39912 
39913 
39914 
39915 
39916 
39917 
39918 
39919 
39920 
39930 
39931 
39932 
39933 
39934 
39935 
39936 
39937 
39938 
39939 
39940 
39941 
39942 
39943 
39944 
39945 
39946 
39947 
39948 
39949 
39950 
39960 
39961 
39962 
39963 
39964 
39965 
39966 
39967 
39968 
39969 
39970 
39971 
39972 
39973 
39974 
39975 
39976 
39977 
39978 
39979 
39980 
39990 
39991 
39992 
39993 
39994 
39995 
39996 
39997 
39998 
39999 
40000 
40001 
40002 
40003 
40004 
40005 
40006 
40007 
40008 
40009 
40010 
40020 
40021 
40022 
40023 
40024 
40025 
40026 
40027 
40028 
40029 
40030 
40031 
40032 
40033 
40034 
40035 
40036 
40037 
40038 
40039 
40040 
40050 
40051 
40052 
40053 
40054 
40055 
40056 
40057 
40058 
40059 
40060 
40061 
40062 
40063 
40064 
40065 
40066 
40067 
40068 
40069 
40070 
40080 
40081 
40082 
40083 
40084 
40085 
40086 
40087 
40088 
40089 
40090 
40091 
40092 
40093 
40094 
40095 
40096 
40097 
40098 
40099 
40100 
40110 
40111 
40112 
40113 
40114 
40115 
40116 
40117 
40118 
40119 
40120 
40121 
40122 
40123 
40124 
40125 
40126 
40127 
40128 
40129 
40130 
40140 
40141 
40142 
40143 
40144 
40145 
40146 
40147 
40148 
40149 
40150 
40151 
40152 
40153 
40154 
40155 
40156 
40157 
40158 
40159 
40160 
40170 
40171 
40172 
40173 
40174 
40175 
40176 
40177 
40178 
40179 
40180 
40181 
40182 
40183 
40184 
40185 
40186 
40187 
40188 
40189 
40190 
40200 
40201 
40202 
40203 
40204 
40205 
40206 
40207 
40208 
40209 
40210 
40211 
40212 
40213 
40214 
40215 
40216 
40217 
40218 
40219 
40220 
40230 
40231 
40232 
40233 
40234 
40235 
40236 
40237 
40238 
40239 
40240 
40241 
40242 
40243 
40244 
40245 
40246 
40247 
40248 
40249 
40250 
7680 
7681 
7682 
7683 
7684 
7685 
7686 
7687 
7688 
7689 
7690 
7691 
7692 
7693 
7694 
7695 
7696 
7697 
7698 
7699 
7700 
7710 
7711 
7712 
7713 
7714 
7715 
7716 
7717 
7718 
7719 
7720 
7721 
7722 
7723 
7724 
7725 
7726 
7727 
7728 
7729 
7730 
7740 
7741 
7742 
7743 
7744 
7745 
7746 
7747 
7748 
7749 
7750 
7751 
7752 
7753 
7754 
7755 
7756 
7757 
7758 
7759 
7760 
7770 
7771 
7772 
7773 
7774 
7775 
7776 
7777 
7778 
7779 
7780 
7781 
7782 
7783 
7784 
7785 
7786 
7787 
7788 
7789 
7790 
7800 
7801 
7802 
7803 
7804 
7805 
7806 
7807 
7808 
7809 
7810 
7811 
7812 
7813 
7814 
7815 
7816 
7817 
7818 
7819 
7820 
7830 
7831 
7832 
7833 
7834 
7835 
7836 
7837 
7838 
7839 
7840 
7841 
7842 
7843 
7844 
7845 
7846 
7847 
7848 
7849 
7850 
7860 
7861 
7862 
7863 
7864 
7865 
7866 
7867 
7868 
7869 
7870 
7871 
7872 
7873 
7874 
7875 
7876 
7877 
7878 
7879 
7880 
7890 
7891 
7892 
7893 
7894 
7895 
7896 
7897 
7898 
7899 
7900 
7901 
7902 
7903 
7904 
7905 
7906 
7907 
7908 
7909 
7910 
7920 
7921 
7922 
7923 
7924 
7925 
7926 
7927 
7928 
7929 
7930 
7931 
7932 
7933 
7934 
7935 
7936 
7937 
7938 
7939 
7940 
7950 
7951 
7952 
7953 
7954 
7955 
7956 
7957 
7958 
7959 
7960 
7961 
7962 
7963 
7964 
7965 
7966 
7967 
7968 
7969 
7970 
7980 
7981 
7982 
7983 
7984 
7985 
7986 
7987 
7988 
7989 
7990 
7991 
7992 
7993 
7994 
7995 
7996 
7997 
7998 
7999 
8000 
8010 
8011 
8012 
8013 
8014 
8015 
8016 
8017 
8018 
8019 
8020 
8021 
8022 
8023 
8024 
8025 
8026 
8027 
8028 
8029 
8030 
40800 
40801 
40802 
40803 
40804 
40805 
40806 
40807 
40808 
8040 
40809 
8041 
40810 
8042 
40811 
8043 
40812 
8044 
40813 
8045 
40814 
8046 
40815 
8047 
40816 
8048 
40817 
8049 
40818 
8050 
40819 
8051 
40820 
8052 
8053 
8054 
8055 
8056 
8057 
8058 
8059 
8060 
40830 
40831 
40832 
40833 
40834 
40835 
40836 
40837 
40838 
8070 
40839 
8071 
40840 
8072 
40841 
8073 
40842 
8074 
40843 
8075 
40844 
8076 
40845 
8077 
40846 
8078 
40847 
8079 
40848 
8080 
40849 
8081 
40850 
8082 
8083 
8084 
8085 
8086 
8087 
8088 
8089 
8090 
40860 
40861 
40862 
40863 
40864 
40865 
40866 
40867 
40868 
8100 
40869 
8101 
40870 
8102 
40871 
8103 
40872 
8104 
40873 
8105 
40874 
8106 
40875 
8107 
40876 
8108 
40877 
8109 
40878 
8110 
40879 
8111 
40880 
8112 
8113 
8114 
8115 
8116 
8117 
8118 
8119 
8120 
40890 
40891 
40892 
40893 
40894 
40895 
40896 
40897 
40898 
8130 
40899 
8131 
40900 
8132 
40901 
8133 
40902 
8134 
40903 
8135 
40904 
8136 
40905 
8137 
40906 
8138 
40907 
8139 
40908 
8140 
40909 
8141 
40910 
8142 
8143 
8144 
8145 
8146 
8147 
8148 
8149 
8150 
40920 
40921 
40922 
40923 
40924 
40925 
40926 
40927 
40928 
40929 
40930 
40931 
40932 
40933 
40934 
40935 
40936 
40937 
40938 
40939 
40940 
40950 
40951 
40952 
40953 
40954 
40955 
40956 
40957 
40958 
40959 
40960 
40961 
40962 
40963 
40964 
40965 
40966 
40967 
40968 
40969 
40970 
40980 
40981 
40982 
40983 
40984 
40985 
40986 
40987 
40988 
40989 
40990 
40991 
40992 
40993 
40994 
40995 
40996 
40997 
40998 
40999 
41000 
41010 
41011 
41012 
41013 
41014 
41015 
41016 
41017 
41018 
41019 
41020 
41021 
41022 
41023 
41024 
41025 
41026 
41027 
41028 
41029 
41030 
41040 
41041 
41042 
41043 
41044 
41045 
41046 
41047 
41048 
41049 
41050 
41051 
41052 
41053 
41054 
41055 
41056 
41057 
41058 
41059 
41060 
41070 
41071 
41072 
41073 
41074 
41075 
41076 
41077 
41078 
41079 
41080 
41081 
41082 
41083 
41084 
41085 
41086 
41087 
41088 
41089 
41090 
41100 
41101 
41102 
41103 
41104 
41105 
41106 
41107 
41108 
41109 
41110 
41111 
41112 
41113 
41114 
41115 
41116 
41117 
41118 
41119 
41120 
41130 
41131 
41132 
41133 
41134 
41135 
41136 
41137 
41138 
41139 
41140 
41141 
41142 
41143 
41144 
41145 
41146 
41147 
41148 
41149 
41150 
41160 
41161 
41162 
41163 
41164 
41165 
41166 
41167 
41168 
41169 
41170 
41171 
41172 
41173 
41174 
41175 
41176 
41177 
41178 
41179 
41180 
41190 
41191 
41192 
41193 
41194 
41195 
41196 
41197 
41198 
41199 
41200 
41201 
41202 
41203 
41204 
41205 
41206 
41207 
41208 
41209 
41210 
41220 
41221 
41222 
41223 
41224 
41225 
41226 
41227 
41228 
41229 
41230 
41231 
41232 
41233 
41234 
41235 
41236 
41237 
41238 
41239 
41240 
41250 
41251 
41252 
41253 
41254 
41255 
41256 
41257 
41258 
41259 
41260 
41261 
41262 
41263 
41264 
41265 
41266 
41267 
41268 
41269 
41270 
8700 
8701 
8702 
8703 
8704 
8705 
8706 
8707 
8708 
8709 
8710 
8711 
8712 
8713 
8714 
8715 
8716 
8717 
8718 
8719 
8720 
8730 
8731 
8732 
8733 
8734 
8735 
8736 
8737 
8738 
8739 
8740 
8741 
8742 
8743 
8744 
8745 
8746 
8747 
8748 
8749 
8750 
8760 
8761 
8762 
8763 
8764 
8765 
8766 
8767 
8768 
8769 
8770 
8771 
8772 
8773 
8774 
8775 
8776 
8777 
8778 
8779 
8780 
8790 
8791 
8792 
8793 
8794 
8795 
8796 
8797 
8798 
8799 
8800 
8801 
8802 
8803 
8804 
8805 
8806 
8807 
8808 
8809 
8810 
8820 
8821 
8822 
8823 
8824 
8825 
8826 
8827 
8828 
8829 
8830 
8831 
8832 
8833 
8834 
8835 
8836 
8837 
8838 
8839 
8840 
8850 
8851 
8852 
8853 
8854 
8855 
8856 
8857 
8858 
8859 
8860 
8861 
8862 
8863 
8864 
8865 
8866 
8867 
8868 
8869 
8870 
8880 
8881 
8882 
8883 
8884 
8885 
8886 
8887 
8888 
8889 
8890 
8891 
8892 
8893 
8894 
8895 
8896 
8897 
8898 
8899 
8900 
8910 
8911 
8912 
8913 
8914 
8915 
8916 
8917 
8918 
8919 
8920 
8921 
8922 
8923 
8924 
8925 
8926 
8927 
8928 
8929 
8930 
8940 
8941 
8942 
8943 
8944 
8945 
8946 
8947 
8948 
8949 
8950 
8951 
8952 
8953 
8954 
8955 
8956 
8957 
8958 
8959 
8960 
8970 
8971 
8972 
8973 
8974 
8975 
8976 
8977 
8978 
8979 
8980 
8981 
8982 
8983 
8984 
8985 
8986 
8987 
8988 
8989 
8990 
9000 
9001 
9002 
9003 
9004 
9005 
9006 
9007 
9008 
9009 
9010 
9011 
9012 
9013 
9014 
9015 
9016 
9017 
9018 
9019 
9020 
9030 
9031 
9032 
9033 
9034 
9035 
9036 
9037 
9038 
9039 
9040 
9041 
9042 
9043 
9044 
9045 
9046 
9047 
9048 
9049 
9050 
41820 
41821 
41822 
41823 
41824 
41825 
41826 
41827 
41828 
9060 
41829 
9061 
41830 
9062 
41831 
9063 
41832 
9064 
41833 
9065 
41834 
9066 
41835 
9067 
41836 
9068 
41837 
9069 
41838 
9070 
41839 
9071 
41840 
9072 
9073 
9074 
9075 
9076 
9077 
9078 
9079 
9080 
41850 
41851 
41852 
41853 
41854 
41855 
41856 
41857 
41858 
9090 
41859 
9091 
41860 
9092 
41861 
9093 
41862 
9094 
41863 
9095 
41864 
9096 
41865 
9097 
41866 
9098 
41867 
9099 
41868 
9100 
41869 
9101 
41870 
9102 
9103 
9104 
9105 
9106 
9107 
9108 
9109 
9110 
41880 
41881 
41882 
41883 
41884 
41885 
41886 
41887 
41888 
9120 
41889 
9121 
41890 
9122 
41891 
9123 
41892 
9124 
41893 
9125 
41894 
9126 
41895 
9127 
41896 
9128 
41897 
9129 
41898 
9130 
41899 
9131 
41900 
9132 
9133 
9134 
9135 
9136 
9137 
9138 
9139 
9140 
41910 
41911 
41912 
41913 
41914 
41915 
41916 
41917 
41918 
9150 
41919 
9151 
41920 
9152 
41921 
9153 
41922 
9154 
41923 
9155 
41924 
9156 
41925 
9157 
41926 
9158 
41927 
9159 
41928 
9160 
41929 
9161 
41930 
9162 
9163 
9164 
9165 
9166 
9167 
9168 
9169 
9170 
41940 
41941 
41942 
41943 
41944 
41945 
41946 
41947 
41948 
41949 
41950 
41951 
41952 
41953 
41954 
41955 
41956 
41957 
41958 
41959 
41960 
41970 
41971 
41972 
41973 
41974 
41975 
41976 
41977 
41978 
41979 
41980 
41981 
41982 
41983 
41984 
41985 
41986 
41987 
41988 
41989 
41990 
42000 
42001 
42002 
42003 
42004 
42005 
42006 
42007 
42008 
42009 
42010 
42011 
42012 
42013 
42014 
42015 
42016 
42017 
42018 
42019 
42020 
42030 
42031 
42032 
42033 
42034 
42035 
42036 
42037 
42038 
42039 
42040 
42041 
42042 
42043 
42044 
42045 
42046 
42047 
42048 
42049 
42050 
42060 
42061 
42062 
42063 
42064 
42065 
42066 
42067 
42068 
42069 
42070 
42071 
42072 
42073 
42074 
42075 
42076 
42077 
42078 
42079 
42080 
42090 
42091 
42092 
42093 
42094 
42095 
42096 
42097 
42098 
42099 
42100 
42101 
42102 
42103 
42104 
42105 
42106 
42107 
42108 
42109 
42110 
42120 
42121 
42122 
42123 
42124 
42125 
42126 
42127 
42128 
42129 
42130 
42131 
42132 
42133 
42134 
42135 
42136 
42137 
42138 
42139 
42140 
42150 
42151 
42152 
42153 
42154 
42155 
42156 
42157 
42158 
42159 
42160 
42161 
42162 
42163 
42164 
42165 
42166 
42167 
42168 
42169 
42170 
42180 
42181 
42182 
42183 
42184 
42185 
42186 
42187 
42188 
42189 
42190 
42191 
42192 
42193 
42194 
42195 
42196 
42197 
42198 
42199 
42200 
42210 
42211 
42212 
42213 
42214 
42215 
42216 
42217 
42218 
42219 
42220 
42221 
42222 
42223 
42224 
42225 
42226 
42227 
42228 
42229 
42230 
42240 
42241 
42242 
42243 
42244 
42245 
42246 
42247 
42248 
42249 
42250 
42251 
42252 
42253 
42254 
42255 
42256 
42257 
42258 
42259 
42260 
42270 
42271 
42272 
42273 
42274 
42275 
42276 
42277 
42278 
42279 
42280 
42281 
42282 
42283 
42284 
42285 
42286 
42287 
42288 
42289 
42290 
9720 
9721 
9722 
9723 
9724 
9725 
9726 
9727 
9728 
9729 
9730 
9731 
9732 
9733 
9734 
9735 
9736 
9737 
9738 
9739 
9740 
9750 
9751 
9752 
9753 
9754 
9755 
9756 
9757 
9758 
9759 
9760 
9761 
9762 
9763 
9764 
9765 
9766 
9767 
9768 
9769 
9770 
9780 
9781 
9782 
9783 
9784 
9785 
9786 
9787 
9788 
9789 
9790 
9791 
9792 
9793 
9794 
9795 
9796 
9797 
9798 
9799 
9800 
9810 
9811 
9812 
9813 
9814 
9815 
9816 
9817 
9818 
9819 
9820 
9821 
9822 
9823 
9824 
9825 
9826 
9827 
9828 
9829 
9830 
9840 
9841 
9842 
9843 
9844 
9845 
9846 
9847 
9848 
9849 
9850 
9851 
9852 
9853 
9854 
9855 
9856 
9857 
9858 
9859 
9860 
9870 
9871 
9872 
9873 
9874 
9875 
9876 
9877 
9878 
9879 
9880 
9881 
9882 
9883 
9884 
9885 
9886 
9887 
9888 
9889 
9890 
9900 
9901 
9902 
9903 
9904 
9905 
9906 
9907 
9908 
9909 
9910 
9911 
9912 
9913 
9914 
9915 
9916 
9917 
9918 
9919 
9920 
9930 
9931 
9932 
9933 
9934 
9935 
9936 
9937 
9938 
9939 
9940 
9941 
9942 
9943 
9944 
9945 
9946 
9947 
9948 
9949 
9950 
9960 
9961 
9962 
9963 
9964 
9965 
9966 
9967 
9968 
9969 
9970 
9971 
9972 
9973 
9974 
9975 
9976 
9977 
9978 
9979 
9980 
9990 
9991 
9992 
9993 
9994 
9995 
9996 
9997 
9998 
9999 
10000 
10001 
10002 
10003 
10004 
10005 
10006 
10007 
10008 
10009 
10010 
10020 
10021 
10022 
10023 
10024 
10025 
10026 
10027 
10028 
10029 
10030 
10031 
10032 
10033 
10034 
10035 
10036 
10037 
10038 
10039 
10040 
10050 
10051 
10052 
10053 
10054 
10055 
10056 
10057 
10058 
10059 
10060 
10061 
10062 
10063 
10064 
10065 
10066 
10067 
10068 
10069 
10070 
42840 
42841 
42842 
42843 
42844 
42845 
42846 
42847 
42848 
10080 
42849 
10081 
42850 
10082 
42851 
10083 
42852 
10084 
42853 
10085 
42854 
10086 
42855 
10087 
42856 
10088 
42857 
10089 
42858 
10090 
42859 
10091 
42860 
10092 
10093 
10094 
10095 
10096 
10097 
10098 
10099 
10100 
42870 
42871 
42872 
42873 
42874 
42875 
42876 
42877 
42878 
10110 
42879 
10111 
42880 
10112 
42881 
10113 
42882 
10114 
42883 
10115 
42884 
10116 
42885 
10117 
42886 
10118 
42887 
10119 
42888 
10120 
42889 
10121 
42890 
10122 
10123 
10124 
10125 
10126 
10127 
10128 
10129 
10130 
42900 
42901 
42902 
42903 
42904 
42905 
42906 
42907 
42908 
10140 
42909 
10141 
42910 
10142 
42911 
10143 
42912 
10144 
42913 
10145 
42914 
10146 
42915 
10147 
42916 
10148 
42917 
10149 
42918 
10150 
42919 
10151 
42920 
10152 
10153 
10154 
10155 
10156 
10157 
10158 
10159 
10160 
42930 
42931 
42932 
42933 
42934 
42935 
42936 
42937 
42938 
10170 
42939 
10171 
42940 
10172 
42941 
10173 
42942 
10174 
42943 
10175 
42944 
10176 
42945 
10177 
42946 
10178 
42947 
10179 
42948 
10180 
42949 
10181 
42950 
10182 
10183 
10184 
10185 
10186 
10187 
10188 
10189 
10190 
42960 
42961 
42962 
42963 
42964 
42965 
42966 
42967 
42968 
42969 
42970 
42971 
42972 
42973 
42974 
42975 
42976 
42977 
42978 
42979 
42980 
42990 
42991 
42992 
42993 
42994 
42995 
42996 
42997 
42998 
42999 
43000 
43001 
43002 
43003 
43004 
43005 
43006 
43007 
43008 
43009 
43010 
43020 
43021 
43022 
43023 
43024 
43025 
43026 
43027 
43028 
43029 
43030 
43031 
43032 
43033 
43034 
43035 
43036 
43037 
43038 
43039 
43040 
43050 
43051 
43052 
43053 
43054 
43055 
43056 
43057 
43058 
43059 
43060 
43061 
43062 
43063 
43064 
43065 
43066 
43067 
43068 
43069 
43070 
43080 
43081 
43082 
43083 
43084 
43085 
43086 
43087 
43088 
43089 
43090 
43091 
43092 
43093 
43094 
43095 
43096 
43097 
43098 
43099 
43100 
43110 
43111 
43112 
43113 
43114 
43115 
43116 
43117 
43118 
43119 
43120 
43121 
43122 
43123 
43124 
43125 
43126 
43127 
43128 
43129 
43130 
43140 
43141 
43142 
43143 
43144 
43145 
43146 
43147 
43148 
43149 
43150 
43151 
43152 
43153 
43154 
43155 
43156 
43157 
43158 
43159 
43160 
43170 
43171 
43172 
43173 
43174 
43175 
43176 
43177 
43178 
43179 
43180 
43181 
43182 
43183 
43184 
43185 
43186 
43187 
43188 
43189 
43190 
43200 
43201 
43202 
43203 
43204 
43205 
43206 
43207 
43208 
43209 
43210 
43211 
43212 
43213 
43214 
43215 
43216 
43217 
43218 
43219 
43220 
43230 
43231 
43232 
43233 
43234 
43235 
43236 
43237 
43238 
43239 
43240 
43241 
43242 
43243 
43244 
43245 
43246 
43247 
43248 
43249 
43250 
43260 
43261 
43262 
43263 
43264 
43265 
43266 
43267 
43268 
43269 
43270 
43271 
43272 
43273 
43274 
43275 
43276 
43277 
43278 
43279 
43280 
43290 
43291 
43292 
43293 
43294 
43295 
43296 
43297 
43298 
43299 
43300 
43301 
43302 
43303 
43304 
43305 
43306 
43307 
43308 
43309 
43310 
10740 
10741 
10742 
10743 
10744 
10745 
10746 
10747 
10748 
10749 
10750 
10751 
10752 
10753 
10754 
10755 
10756 
10757 
10758 
10759 
10760 
10770 
10771 
10772 
10773 
10774 
10775 
10776 
10777 
10778 
10779 
10780 
10781 
10782 
10783 
10784 
10785 
10786 
10787 
10788 
10789 
10790 
10800 
10801 
10802 
10803 
10804 
10805 
10806 
10807 
10808 
10809 
10810 
10811 
10812 
10813 
10814 
10815 
10816 
10817 
10818 
10819 
10820 
10830 
10831 
10832 
10833 
10834 
10835 
10836 
10837 
10838 
10839 
10840 
10841 
10842 
10843 
10844 
10845 
10846 
10847 
10848 
10849 
10850 
10860 
10861 
10862 
10863 
10864 
10865 
10866 
10867 
10868 
10869 
10870 
10871 
10872 
10873 
10874 
10875 
10876 
10877 
10878 
10879 
10880 
10890 
10891 
10892 
10893 
10894 
10895 
10896 
10897 
10898 
10899 
10900 
10901 
10902 
10903 
10904 
10905 
10906 
10907 
10908 
10909 
10910 
10920 
10921 
10922 
10923 
10924 
10925 
10926 
10927 
10928 
10929 
10930 
10931 
10932 
10933 
10934 
10935 
10936 
10937 
10938 
10939 
10940 
10950 
10951 
10952 
10953 
10954 
10955 
10956 
10957 
10958 
10959 
10960 
10961 
10962 
10963 
10964 
10965 
10966 
10967 
10968 
10969 
10970 
10980 
10981 
10982 
10983 
10984 
10985 
10986 
10987 
10988 
10989 
10990 
10991 
10992 
10993 
10994 
10995 
10996 
10997 
10998 
10999 
11000 
11010 
11011 
11012 
11013 
11014 
11015 
11016 
11017 
11018 
11019 
11020 
11021 
11022 
11023 
11024 
11025 
11026 
11027 
11028 
11029 
11030 
11040 
11041 
11042 
11043 
11044 
11045 
11046 
11047 
11048 
11049 
11050 
11051 
11052 
11053 
11054 
11055 
11056 
11057 
11058 
11059 
11060 
11070 
11071 
11072 
11073 
11074 
11075 
11076 
11077 
11078 
11079 
11080 
11081 
11082 
11083 
11084 
11085 
11086 
11087 
11088 
11089 
11090 
43860 
43861 
43862 
43863 
43864 
43865 
43866 
43867 
43868 
11100 
43869 
11101 
43870 
11102 
43871 
11103 
43872 
11104 
43873 
11105 
43874 
11106 
43875 
11107 
43876 
11108 
43877 
11109 
43878 
11110 
43879 
11111 
43880 
11112 
11113 
11114 
11115 
11116 
11117 
11118 
11119 
11120 
43890 
43891 
43892 
43893 
43894 
43895 
43896 
43897 
43898 
11130 
43899 
11131 
43900 
11132 
43901 
11133 
43902 
11134 
43903 
11135 
43904 
11136 
43905 
11137 
43906 
11138 
43907 
11139 
43908 
11140 
43909 
11141 
43910 
11142 
11143 
11144 
11145 
11146 
11147 
11148 
11149 
11150 
43920 
43921 
43922 
43923 
43924 
43925 
43926 
43927 
43928 
11160 
43929 
11161 
43930 
11162 
43931 
11163 
43932 
11164 
43933 
11165 
43934 
11166 
43935 
11167 
43936 
11168 
43937 
11169 
43938 
11170 
43939 
11171 
43940 
11172 
11173 
11174 
11175 
11176 
11177 
11178 
11179 
11180 
43950 
43951 
43952 
43953 
43954 
43955 
43956 
43957 
43958 
11190 
43959 
11191 
43960 
11192 
43961 
11193 
43962 
11194 
43963 
11195 
43964 
11196 
43965 
11197 
43966 
11198 
43967 
11199 
43968 
11200 
43969 
11201 
43970 
11202 
11203 
11204 
11205 
11206 
11207 
11208 
11209 
11210 
43980 
43981 
43982 
43983 
43984 
43985 
43986 
43987 
43988 
43989 
43990 
43991 
43992 
43993 
43994 
43995 
43996 
43997 
43998 
43999 
44000 
44010 
44011 
44012 
44013 
44014 
44015 
44016 
44017 
44018 
44019 
44020 
44021 
44022 
44023 
44024 
44025 
44026 
44027 
44028 
44029 
44030 
44040 
44041 
44042 
44043 
44044 
44045 
44046 
44047 
44048 
44049 
44050 
44051 
44052 
44053 
44054 
44055 
44056 
44057 
44058 
44059 
44060 
44070 
44071 
44072 
44073 
44074 
44075 
44076 
44077 
44078 
44079 
44080 
44081 
44082 
44083 
44084 
44085 
44086 
44087 
44088 
44089 
44090 
44100 
44101 
44102 
44103 
44104 
44105 
44106 
44107 
44108 
44109 
44110 
44111 
44112 
44113 
44114 
44115 
44116 
44117 
44118 
44119 
44120 
44130 
44131 
44132 
44133 
44134 
44135 
44136 
44137 
44138 
44139 
44140 
44141 
44142 
44143 
44144 
44145 
44146 
44147 
44148 
44149 
44150 
44160 
44161 
44162 
44163 
44164 
44165 
44166 
44167 
44168 
44169 
44170 
44171 
44172 
44173 
44174 
44175 
44176 
44177 
44178 
44179 
44180 
44190 
44191 
44192 
44193 
44194 
44195 
44196 
44197 
44198 
44199 
44200 
44201 
44202 
44203 
44204 
44205 
44206 
44207 
44208 
44209 
44210 
44220 
44221 
44222 
44223 
44224 
44225 
44226 
44227 
44228 
44229 
44230 
44231 
44232 
44233 
44234 
44235 
44236 
44237 
44238 
44239 
44240 
44250 
44251 
44252 
44253 
44254 
44255 
44256 
44257 
44258 
44259 
44260 
44261 
44262 
44263 
44264 
44265 
44266 
44267 
44268 
44269 
44270 
44280 
44281 
44282 
44283 
44284 
44285 
44286 
44287 
44288 
44289 
44290 
44291 
44292 
44293 
44294 
44295 
44296 
44297 
44298 
44299 
44300 
44310 
44311 
44312 
44313 
44314 
44315 
44316 
44317 
44318 
44319 
44320 
44321 
44322 
44323 
44324 
44325 
44326 
44327 
44328 
44329 
44330 
11760 
11761 
11762 
11763 
11764 
11765 
11766 
11767 
11768 
11769 
11770 
11771 
11772 
11773 
11774 
11775 
11776 
11777 
11778 
11779 
11780 
11790 
11791 
11792 
11793 
11794 
11795 
11796 
11797 
11798 
11799 
11800 
11801 
11802 
11803 
11804 
11805 
11806 
11807 
11808 
11809 
11810 
11820 
11821 
11822 
11823 
11824 
11825 
11826 
11827 
11828 
11829 
11830 
11831 
11832 
11833 
11834 
11835 
11836 
11837 
11838 
11839 
11840 
11850 
11851 
11852 
11853 
11854 
11855 
11856 
11857 
11858 
11859 
11860 
11861 
11862 
11863 
11864 
11865 
11866 
11867 
11868 
11869 
11870 
11880 
11881 
11882 
11883 
11884 
11885 
11886 
11887 
11888 
11889 
11890 
11891 
11892 
11893 
11894 
11895 
11896 
11897 
11898 
11899 
11900 
11910 
11911 
11912 
11913 
11914 
11915 
11916 
11917 
11918 
11919 
11920 
11921 
11922 
11923 
11924 
11925 
11926 
11927 
11928 
11929 
11930 
11940 
11941 
11942 
11943 
11944 
11945 
11946 
11947 
11948 
11949 
11950 
11951 
11952 
11953 
11954 
11955 
11956 
11957 
11958 
11959 
11960 
11970 
11971 
11972 
11973 
11974 
11975 
11976 
11977 
11978 
11979 
11980 
11981 
11982 
11983 
11984 
11985 
11986 
11987 
11988 
11989 
11990 
12000 
12001 
12002 
12003 
12004 
12005 
12006 
12007 
12008 
12009 
12010 
12011 
12012 
12013 
12014 
12015 
12016 
12017 
12018 
12019 
12020 
12030 
12031 
12032 
12033 
12034 
12035 
12036 
12037 
12038 
12039 
12040 
12041 
12042 
12043 
12044 
12045 
12046 
12047 
12048 
12049 
12050 
12060 
12061 
12062 
12063 
12064 
12065 
12066 
12067 
12068 
12069 
12070 
12071 
12072 
12073 
12074 
12075 
12076 
12077 
12078 
12079 
12080 
12090 
12091 
12092 
12093 
12094 
12095 
12096 
12097 
12098 
12099 
12100 
12101 
12102 
12103 
12104 
12105 
12106 
12107 
12108 
12109 
12110 
44880 
44881 
44882 
44883 
44884 
44885 
44886 
44887 
44888 
12120 
44889 
12121 
44890 
12122 
44891 
12123 
44892 
12124 
44893 
12125 
44894 
12126 
44895 
12127 
44896 
12128 
44897 
12129 
44898 
12130 
44899 
12131 
44900 
12132 
12133 
12134 
12135 
12136 
12137 
12138 
12139 
12140 
44910 
44911 
44912 
44913 
44914 
44915 
44916 
44917 
44918 
12150 
44919 
12151 
44920 
12152 
44921 
12153 
44922 
12154 
44923 
12155 
44924 
12156 
44925 
12157 
44926 
12158 
44927 
12159 
44928 
12160 
44929 
12161 
44930 
12162 
12163 
12164 
12165 
12166 
12167 
12168 
12169 
12170 
44940 
44941 
44942 
44943 
44944 
44945 
44946 
44947 
44948 
12180 
44949 
12181 
44950 
12182 
44951 
12183 
44952 
12184 
44953 
12185 
44954 
12186 
44955 
12187 
44956 
12188 
44957 
12189 
44958 
12190 
44959 
12191 
44960 
12192 
12193 
12194 
12195 
12196 
12197 
12198 
12199 
12200 
44970 
44971 
44972 
44973 
44974 
44975 
44976 
44977 
44978 
12210 
44979 
12211 
44980 
12212 
44981 
12213 
44982 
12214 
44983 
12215 
44984 
12216 
44985 
12217 
44986 
12218 
44987 
12219 
44988 
12220 
44989 
12221 
44990 
12222 
12223 
12224 
12225 
12226 
12227 
12228 
12229 
12230 
45000 
45001 
45002 
45003 
45004 
45005 
45006 
45007 
45008 
45009 
45010 
45011 
45012 
45013 
45014 
45015 
45016 
45017 
45018 
45019 
45020 
45030 
45031 
45032 
45033 
45034 
45035 
45036 
45037 
45038 
45039 
45040 
45041 
45042 
45043 
45044 
45045 
45046 
45047 
45048 
45049 
45050 
45060 
45061 
45062 
45063 
45064 
45065 
45066 
45067 
45068 
45069 
45070 
45071 
45072 
45073 
45074 
45075 
45076 
45077 
45078 
45079 
45080 
45090 
45091 
45092 
45093 
45094 
45095 
45096 
45097 
45098 
45099 
45100 
45101 
45102 
45103 
45104 
45105 
45106 
45107 
45108 
45109 
45110 
45120 
45121 
45122 
45123 
45124 
45125 
45126 
45127 
45128 
45129 
45130 
45131 
45132 
45133 
45134 
45135 
45136 
45137 
45138 
45139 
45140 
45150 
45151 
45152 
45153 
45154 
45155 
45156 
45157 
45158 
45159 
45160 
45161 
45162 
45163 
45164 
45165 
45166 
45167 
45168 
45169 
45170 
45180 
45181 
45182 
45183 
45184 
45185 
45186 
45187 
45188 
45189 
45190 
45191 
45192 
45193 
45194 
45195 
45196 
45197 
45198 
45199 
45200 
45210 
45211 
45212 
45213 
45214 
45215 
45216 
45217 
45218 
45219 
45220 
45221 
45222 
45223 
45224 
45225 
45226 
45227 
45228 
45229 
45230 
45240 
45241 
45242 
45243 
45244 
45245 
45246 
45247 
45248 
45249 
45250 
45251 
45252 
45253 
45254 
45255 
45256 
45257 
45258 
45259 
45260 
45270 
45271 
45272 
45273 
45274 
45275 
45276 
45277 
45278 
45279 
45280 
45281 
45282 
45283 
45284 
45285 
45286 
45287 
45288 
45289 
45290 
45300 
45301 
45302 
45303 
45304 
45305 
45306 
45307 
45308 
45309 
45310 
45311 
45312 
45313 
45314 
45315 
45316 
45317 
45318 
45319 
45320 
45330 
45331 
45332 
45333 
45334 
45335 
45336 
45337 
45338 
45339 
45340 
45341 
45342 
45343 
45344 
45345 
45346 
45347 
45348 
45349 
45350 
12780 
12781 
12782 
12783 
12784 
12785 
12786 
12787 
12788 
12789 
12790 
12791 
12792 
12793 
12794 
12795 
12796 
12797 
12798 
12799 
12800 
12810 
12811 
12812 
12813 
12814 
12815 
12816 
12817 
12818 
12819 
12820 
12821 
12822 
12823 
12824 
12825 
12826 
12827 
12828 
12829 
12830 
12840 
12841 
12842 
12843 
12844 
12845 
12846 
12847 
12848 
12849 
12850 
12851 
12852 
12853 
12854 
12855 
12856 
12857 
12858 
12859 
12860 
12870 
12871 
12872 
12873 
12874 
12875 
12876 
12877 
12878 
12879 
12880 
12881 
12882 
12883 
12884 
12885 
12886 
12887 
12888 
12889 
12890 
12900 
12901 
12902 
12903 
12904 
12905 
12906 
12907 
12908 
12909 
12910 
12911 
12912 
12913 
12914 
12915 
12916 
12917 
12918 
12919 
12920 
12930 
12931 
12932 
12933 
12934 
12935 
12936 
12937 
12938 
12939 
12940 
12941 
12942 
12943 
12944 
12945 
12946 
12947 
12948 
12949 
12950 
12960 
12961 
12962 
12963 
12964 
12965 
12966 
12967 
12968 
12969 
12970 
12971 
12972 
12973 
12974 
12975 
12976 
12977 
12978 
12979 
12980 
12990 
12991 
12992 
12993 
12994 
12995 
12996 
12997 
12998 
12999 
13000 
13001 
13002 
13003 
13004 
13005 
13006 
13007 
13008 
13009 
13010 
13020 
13021 
13022 
13023 
13024 
13025 
13026 
13027 
13028 
13029 
13030 
13031 
13032 
13033 
13034 
13035 
13036 
13037 
13038 
13039 
13040 
13050 
13051 
13052 
13053 
13054 
13055 
13056 
13057 
13058 
13059 
13060 
13061 
13062 
13063 
13064 
13065 
13066 
13067 
13068 
13069 
13070 
13080 
13081 
13082 
13083 
13084 
13085 
13086 
13087 
13088 
13089 
13090 
13091 
13092 
13093 
13094 
13095 
13096 
13097 
13098 
13099 
13100 
13110 
13111 
13112 
13113 
13114 
13115 
13116 
13117 
13118 
13119 
13120 
13121 
13122 
13123 
13124 
13125 
13126 
13127 
13128 
13129 
13130 
45900 
45901 
45902 
45903 
45904 
45905 
45906 
45907 
45908 
13140 
45909 
13141 
45910 
13142 
45911 
13143 
45912 
13144 
45913 
13145 
45914 
13146 
45915 
13147 
45916 
13148 
45917 
13149 
45918 
13150 
45919 
13151 
45920 
13152 
13153 
13154 
13155 
13156 
13157 
13158 
13159 
13160 
45930 
45931 
45932 
45933 
45934 
45935 
45936 
45937 
45938 
13170 
45939 
13171 
45940 
13172 
45941 
13173 
45942 
13174 
45943 
13175 
45944 
13176 
45945 
13177 
45946 
13178 
45947 
13179 
45948 
13180 
45949 
13181 
45950 
13182 
13183 
13184 
13185 
13186 
13187 
13188 
13189 
13190 
45960 
45961 
45962 
45963 
45964 
45965 
45966 
45967 
45968 
13200 
45969 
13201 
45970 
13202 
45971 
13203 
45972 
13204 
45973 
13205 
45974 
13206 
45975 
13207 
45976 
13208 
45977 
13209 
45978 
13210 
45979 
13211 
45980 
13212 
13213 
13214 
13215 
13216 
13217 
13218 
13219 
13220 
45990 
45991 
45992 
45993 
45994 
45995 
45996 
45997 
45998 
13230 
45999 
13231 
46000 
13232 
46001 
13233 
46002 
13234 
46003 
13235 
46004 
13236 
46005 
13237 
46006 
13238 
46007 
13239 
46008 
13240 
46009 
13241 
46010 
13242 
13243 
13244 
13245 
13246 
13247 
13248 
13249 
13250 
46020 
46021 
46022 
46023 
46024 
46025 
46026 
46027 
46028 
46029 
46030 
46031 
46032 
46033 
46034 
46035 
46036 
46037 
46038 
46039 
46040 
46050 
46051 
46052 
46053 
46054 
46055 
46056 
46057 
46058 
46059 
46060 
46061 
46062 
46063 
46064 
46065 
46066 
46067 
46068 
46069 
46070 
46080 
46081 
46082 
46083 
46084 
46085 
46086 
46087 
46088 
46089 
46090 
46091 
46092 
46093 
46094 
46095 
46096 
46097 
46098 
46099 
46100 
46110 
46111 
46112 
46113 
46114 
46115 
46116 
46117 
46118 
46119 
46120 
46121 
46122 
46123 
46124 
46125 
46126 
46127 
46128 
46129 
46130 
46140 
46141 
46142 
46143 
46144 
46145 
46146 
46147 
46148 
46149 
46150 
46151 
46152 
46153 
46154 
46155 
46156 
46157 
46158 
46159 
46160 
46170 
46171 
46172 
46173 
46174 
46175 
46176 
46177 
46178 
46179 
46180 
46181 
46182 
46183 
46184 
46185 
46186 
46187 
46188 
46189 
46190 
46200 
46201 
46202 
46203 
46204 
46205 
46206 
46207 
46208 
46209 
46210 
46211 
46212 
46213 
46214 
46215 
46216 
46217 
46218 
46219 
46220 
46230 
46231 
46232 
46233 
46234 
46235 
46236 
46237 
46238 
46239 
46240 
46241 
46242 
46243 
46244 
46245 
46246 
46247 
46248 
46249 
46250 
46260 
46261 
46262 
46263 
46264 
46265 
46266 
46267 
46268 
46269 
46270 
46271 
46272 
46273 
46274 
46275 
46276 
46277 
46278 
46279 
46280 
46290 
46291 
46292 
46293 
46294 
46295 
46296 
46297 
46298 
46299 
46300 
46301 
46302 
46303 
46304 
46305 
46306 
46307 
46308 
46309 
46310 
46320 
46321 
46322 
46323 
46324 
46325 
46326 
46327 
46328 
46329 
46330 
46331 
46332 
46333 
46334 
46335 
46336 
46337 
46338 
46339 
46340 
46350 
46351 
46352 
46353 
46354 
46355 
46356 
46357 
46358 
46359 
46360 
46361 
46362 
46363 
46364 
46365 
46366 
46367 
46368 
46369 
46370 
13800 
13801 
13802 
13803 
13804 
13805 
13806 
13807 
13808 
13809 
13810 
13811 
13812 
13813 
13814 
13815 
13816 
13817 
13818 
13819 
13820 
13830 
13831 
13832 
13833 
13834 
13835 
13836 
13837 
13838 
13839 
13840 
13841 
13842 
13843 
13844 
13845 
13846 
13847 
13848 
13849 
13850 
13860 
13861 
13862 
13863 
13864 
13865 
13866 
13867 
13868 
13869 
13870 
13871 
13872 
13873 
13874 
13875 
13876 
13877 
13878 
13879 
13880 
13890 
13891 
13892 
13893 
13894 
13895 
13896 
13897 
13898 
13899 
13900 
13901 
13902 
13903 
13904 
13905 
13906 
13907 
13908 
13909 
13910 
13920 
13921 
13922 
13923 
13924 
13925 
13926 
13927 
13928 
13929 
13930 
13931 
13932 
13933 
13934 
13935 
13936 
13937 
13938 
13939 
13940 
13950 
13951 
13952 
13953 
13954 
13955 
13956 
13957 
13958 
13959 
13960 
13961 
13962 
13963 
13964 
13965 
13966 
13967 
13968 
13969 
13970 
13980 
13981 
13982 
13983 
13984 
13985 
13986 
13987 
13988 
13989 
13990 
13991 
13992 
13993 
13994 
13995 
13996 
13997 
13998 
13999 
14000 
14010 
14011 
14012 
14013 
14014 
14015 
14016 
14017 
14018 
14019 
14020 
14021 
14022 
14023 
14024 
14025 
14026 
14027 
14028 
14029 
14030 
14040 
14041 
14042 
14043 
14044 
14045 
14046 
14047 
14048 
14049 
14050 
14051 
14052 
14053 
14054 
14055 
14056 
14057 
14058 
14059 
14060 
14070 
14071 
14072 
14073 
14074 
14075 
14076 
14077 
14078 
14079 
14080 
14081 
14082 
14083 
14084 
14085 
14086 
14087 
14088 
14089 
14090 
14100 
14101 
14102 
14103 
14104 
14105 
14106 
14107 
14108 
14109 
14110 
14111 
14112 
14113 
14114 
14115 
14116 
14117 
14118 
14119 
14120 
14130 
14131 
14132 
14133 
14134 
14135 
14136 
14137 
14138 
14139 
14140 
14141 
14142 
14143 
14144 
14145 
14146 
14147 
14148 
14149 
14150 
14160 
14161 
14162 
14163 
14164 
14165 
14166 
14167 
14168 
14169 
14170 
14171 
14172 
14173 
14174 
14175 
14176 
14177 
14178 
14179 
14180 
14190 
14191 
14192 
14193 
14194 
14195 
14196 
14197 
14198 
14199 
14200 
14201 
14202 
14203 
14204 
14205 
14206 
14207 
14208 
14209 
14210 
14220 
14221 
14222 
14223 
14224 
14225 
14226 
14227 
14228 
14229 
14230 
14231 
14232 
14233 
14234 
14235 
14236 
14237 
14238 
14239 
14240 
14250 
14251 
14252 
14253 
14254 
14255 
14256 
14257 
14258 
14259 
14260 
14261 
14262 
14263 
14264 
14265 
14266 
14267 
14268 
14269 
14270 
14820 
14821 
14822 
14823 
14824 
14825 
14826 
14827 
14828 
14829 
14830 
14831 
14832 
14833 
14834 
14835 
14836 
14837 
14838 
14839 
14840 
14850 
14851 
14852 
14853 
14854 
14855 
14856 
14857 
14858 
14859 
14860 
14861 
14862 
14863 
14864 
14865 
14866 
14867 
14868 
14869 
14870 
14880 
14881 
14882 
14883 
14884 
14885 
14886 
14887 
14888 
14889 
14890 
14891 
14892 
14893 
14894 
14895 
14896 
14897 
14898 
14899 
14900 
14910 
14911 
14912 
14913 
14914 
14915 
14916 
14917 
14918 
14919 
14920 
14921 
14922 
14923 
14924 
14925 
14926 
14927 
14928 
14929 
14930 
14940 
14941 
14942 
14943 
14944 
14945 
14946 
14947 
14948 
14949 
14950 
14951 
14952 
14953 
14954 
14955 
14956 
14957 
14958 
14959 
14960 
14970 
14971 
14972 
14973 
14974 
14975 
14976 
14977 
14978 
14979 
14980 
14981 
14982 
14983 
14984 
14985 
14986 
14987 
14988 
14989 
14990 
15000 
15001 
15002 
15003 
15004 
15005 
15006 
15007 
15008 
15009 
15010 
15011 
15012 
15013 
15014 
15015 
15016 
15017 
15018 
15019 
15020 
15030 
15031 
15032 
15033 
15034 
15035 
15036 
15037 
15038 
15039 
15040 
15041 
15042 
15043 
15044 
15045 
15046 
15047 
15048 
15049 
15050 
15060 
15061 
15062 
15063 
15064 
15065 
15066 
15067 
15068 
15069 
15070 
15071 
15072 
15073 
15074 
15075 
15076 
15077 
15078 
15079 
15080 
15090 
15091 
15092 
15093 
15094 
15095 
15096 
15097 
15098 
15099 
15100 
15101 
15102 
15103 
15104 
15105 
15106 
15107 
15108 
15109 
15110 
15120 
15121 
15122 
15123 
15124 
15125 
15126 
15127 
15128 
15129 
15130 
15131 
15132 
15133 
15134 
15135 
15136 
15137 
15138 
15139 
15140 
15150 
15151 
15152 
15153 
15154 
15155 
15156 
15157 
15158 
15159 
15160 
15161 
15162 
15163 
15164 
15165 
15166 
15167 
15168 
15169 
15170 
15180 
15181 
15182 
15183 
15184 
15185 
15186 
15187 
15188 
15189 
15190 
15191 
15192 
15193 
15194 
15195 
15196 
15197 
15198 
15199 
15200 
15210 
15211 
15212 
15213 
15214 
15215 
15216 
15217 
15218 
15219 
15220 
15221 
15222 
15223 
15224 
15225 
15226 
15227 
15228 
15229 
15230 
15240 
15241 
15242 
15243 
15244 
15245 
15246 
15247 
15248 
15249 
15250 
15251 
15252 
15253 
15254 
15255 
15256 
15257 
15258 
15259 
15260 
15270 
15271 
15272 
15273 
15274 
15275 
15276 
15277 
15278 
15279 
15280 
15281 
15282 
15283 
15284 
15285 
15286 
15287 
15288 
15289 
15290 
15840 
15841 
15842 
15843 
15844 
15845 
15846 
15847 
15848 
15849 
15850 
15851 
15852 
15853 
15854 
15855 
15856 
15857 
15858 
15859 
15860 
15870 
15871 
15872 
15873 
15874 
15875 
15876 
15877 
15878 
15879 
15880 
15881 
15882 
15883 
15884 
15885 
15886 
15887 
15888 
15889 
15890 
15900 
15901 
15902 
15903 
15904 
15905 
15906 
15907 
15908 
15909 
15910 
15911 
15912 
15913 
15914 
15915 
15916 
15917 
15918 
15919 
15920 
15930 
15931 
15932 
15933 
15934 
15935 
15936 
15937 
15938 
15939 
15940 
15941 
15942 
15943 
15944 
15945 
15946 
15947 
15948 
15949 
15950 
15960 
15961 
15962 
15963 
15964 
15965 
15966 
15967 
15968 
15969 
15970 
15971 
15972 
15973 
15974 
15975 
15976 
15977 
15978 
15979 
15980 
15990 
15991 
15992 
15993 
15994 
15995 
15996 
15997 
15998 
15999 
16000 
16001 
16002 
16003 
16004 
16005 
16006 
16007 
16008 
16009 
16010 
16020 
16021 
16022 
16023 
16024 
16025 
16026 
16027 
16028 
16029 
16030 
16031 
16032 
16033 
16034 
16035 
16036 
16037 
16038 
16039 
16040 
16050 
16051 
16052 
16053 
16054 
16055 
16056 
16057 
16058 
16059 
16060 
16061 
16062 
16063 
16064 
16065 
16066 
16067 
16068 
16069 
16070 
16080 
16081 
16082 
16083 
16084 
16085 
16086 
16087 
16088 
16089 
16090 
16091 
16092 
16093 
16094 
16095 
16096 
16097 
16098 
16099 
16100 
16110 
16111 
16112 
16113 
16114 
16115 
16116 
16117 
16118 
16119 
16120 
16121 
16122 
16123 
16124 
16125 
16126 
16127 
16128 
16129 
16130 
16140 
16141 
16142 
16143 
16144 
16145 
16146 
16147 
16148 
16149 
16150 
16151 
16152 
16153 
16154 
16155 
16156 
16157 
16158 
16159 
16160 
16170 
16171 
16172 
16173 
16174 
16175 
16176 
16177 
16178 
16179 
16180 
16181 
16182 
16183 
16184 
16185 
16186 
16187 
16188 
16189 
16190 
16200 
16201 
16202 
16203 
16204 
16205 
16206 
16207 
16208 
16209 
16210 
16211 
16212 
16213 
16214 
16215 
16216 
16217 
16218 
16219 
16220 
16230 
16231 
16232 
16233 
16234 
16235 
16236 
16237 
16238 
16239 
16240 
16241 
16242 
16243 
16244 
16245 
16246 
16247 
16248 
16249 
16250 
16260 
16261 
16262 
16263 
16264 
16265 
16266 
16267 
16268 
16269 
16270 
16271 
16272 
16273 
16274 
16275 
16276 
16277 
16278 
16279 
16280 
16290 
16291 
16292 
16293 
16294 
16295 
16296 
16297 
16298 
16299 
16300 
16301 
16302 
16303 
16304 
16305 
16306 
16307 
16308 
16309 
16310 
16860 
16861 
16862 
16863 
16864 
16865 
16866 
16867 
16868 
16869 
16870 
16871 
16872 
16873 
16874 
16875 
16876 
16877 
16878 
16879 
16880 
16890 
16891 
16892 
16893 
16894 
16895 
16896 
16897 
16898 
16899 
16900 
16901 
16902 
16903 
16904 
16905 
16906 
16907 
16908 
16909 
16910 
16920 
16921 
16922 
16923 
16924 
16925 
16926 
16927 
16928 
16929 
16930 
16931 
16932 
16933 
16934 
16935 
16936 
16937 
16938 
16939 
16940 
16950 
16951 
16952 
16953 
16954 
16955 
16956 
16957 
16958 
16959 
16960 
16961 
16962 
16963 
16964 
16965 
16966 
16967 
16968 
16969 
16970 
16980 
16981 
16982 
16983 
16984 
16985 
16986 
16987 
16988 
16989 
16990 
16991 
16992 
16993 
16994 
16995 
16996 
16997 
16998 
16999 
17000 
17010 
17011 
17012 
17013 
17014 
17015 
17016 
17017 
17018 
17019 
17020 
17021 
17022 
17023 
17024 
17025 
17026 
17027 
17028 
17029 
17030 
17040 
17041 
17042 
17043 
17044 
17045 
17046 
17047 
17048 
17049 
17050 
17051 
17052 
17053 
17054 
17055 
17056 
17057 
17058 
17059 
17060 
17070 
17071 
17072 
17073 
17074 
17075 
17076 
17077 
17078 
17079 
17080 
17081 
17082 
17083 
17084 
17085 
17086 
17087 
17088 
17089 
17090 
17100 
17101 
17102 
17103 
17104 
17105 
17106 
17107 
17108 
17109 
17110 
17111 
17112 
17113 
17114 
17115 
17116 
17117 
17118 
17119 
17120 
17130 
17131 
17132 
17133 
17134 
17135 
17136 
17137 
17138 
17139 
17140 
17141 
17142 
17143 
17144 
17145 
17146 
17147 
17148 
17149 
17150 
17160 
17161 
17162 
17163 
17164 
17165 
17166 
17167 
17168 
17169 
17170 
17171 
17172 
17173 
17174 
17175 
17176 
17177 
17178 
17179 
17180 
17190 
17191 
17192 
17193 
17194 
17195 
17196 
17197 
17198 
17199 
17200 
17201 
17202 
17203 
17204 
17205 
17206 
17207 
17208 
17209 
17210 
17220 
17221 
17222 
17223 
17224 
17225 
17226 
17227 
17228 
17229 
17230 
17231 
17232 
17233 
17234 
17235 
17236 
17237 
17238 
17239 
17240 
17250 
17251 
17252 
17253 
17254 
17255 
17256 
17257 
17258 
17259 
17260 
17261 
17262 
17263 
17264 
17265 
17266 
17267 
17268 
17269 
17270 
17280 
17281 
17282 
17283 
17284 
17285 
17286 
17287 
17288 
17289 
17290 
17291 
17292 
17293 
17294 
17295 
17296 
17297 
17298 
17299 
17300 
17310 
17311 
17312 
17313 
17314 
17315 
17316 
17317 
17318 
17319 
17320 
17321 
17322 
17323 
17324 
17325 
17326 
17327 
17328 
17329 
17330 
17880 
17881 
17882 
17883 
17884 
17885 
17886 
17887 
17888 
17889 
17890 
17891 
17892 
17893 
17894 
17895 
17896 
17897 
17898 
17899 
17900 
17910 
17911 
17912 
17913 
17914 
17915 
17916 
17917 
17918 
17919 
17920 
17921 
17922 
17923 
17924 
17925 
17926 
17927 
17928 
17929 
17930 
17940 
17941 
17942 
17943 
17944 
17945 
17946 
17947 
17948 
17949 
17950 
17951 
17952 
17953 
17954 
17955 
17956 
17957 
17958 
17959 
17960 
17970 
17971 
17972 
17973 
17974 
17975 
17976 
17977 
17978 
17979 
17980 
17981 
17982 
17983 
17984 
17985 
17986 
17987 
17988 
17989 
17990 
18000 
18001 
18002 
18003 
18004 
18005 
18006 
18007 
18008 
18009 
18010 
18011 
18012 
18013 
18014 
18015 
18016 
18017 
18018 
18019 
18020 
18030 
18031 
18032 
18033 
18034 
18035 
18036 
18037 
18038 
18039 
18040 
18041 
18042 
18043 
18044 
18045 
18046 
18047 
18048 
18049 
18050 
18060 
18061 
18062 
18063 
18064 
18065 
18066 
18067 
18068 
18069 
18070 
18071 
18072 
18073 
18074 
18075 
18076 
18077 
18078 
18079 
18080 
18090 
18091 
18092 
18093 
18094 
18095 
18096 
18097 
18098 
18099 
18100 
18101 
18102 
18103 
18104 
18105 
18106 
18107 
18108 
18109 
18110 
18120 
18121 
18122 
18123 
18124 
18125 
18126 
18127 
18128 
18129 
18130 
18131 
18132 
18133 
18134 
18135 
18136 
18137 
18138 
18139 
18140 
18150 
18151 
18152 
18153 
18154 
18155 
18156 
18157 
18158 
18159 
18160 
18161 
18162 
18163 
18164 
18165 
18166 
18167 
18168 
18169 
18170 
18180 
18181 
18182 
18183 
18184 
18185 
18186 
18187 
18188 
18189 
18190 
18191 
18192 
18193 
18194 
18195 
18196 
18197 
18198 
18199 
18200 
18210 
18211 
18212 
18213 
18214 
18215 
18216 
18217 
18218 
18219 
18220 
18221 
18222 
18223 
18224 
18225 
18226 
18227 
18228 
18229 
18230 
18240 
18241 
18242 
18243 
18244 
18245 
18246 
18247 
18248 
18249 
18250 
18251 
18252 
18253 
18254 
18255 
18256 
18257 
18258 
18259 
18260 
18270 
18271 
18272 
18273 
18274 
18275 
18276 
18277 
18278 
18279 
18280 
18281 
18282 
18283 
18284 
18285 
18286 
18287 
18288 
18289 
18290 
18300 
18301 
18302 
18303 
18304 
18305 
18306 
18307 
18308 
18309 
18310 
18311 
18312 
18313 
18314 
18315 
18316 
18317 
18318 
18319 
18320 
18330 
18331 
18332 
18333 
18334 
18335 
18336 
18337 
18338 
18339 
18340 
18341 
18342 
18343 
18344 
18345 
18346 
18347 
18348 
18349 
18350 
18900 
18901 
18902 
18903 
18904 
18905 
18906 
18907 
18908 
18909 
18910 
18911 
18912 
18913 
18914 
18915 
18916 
18917 
18918 
18919 
18920 
18930 
18931 
18932 
18933 
18934 
18935 
18936 
18937 
18938 
18939 
18940 
18941 
18942 
18943 
18944 
18945 
18946 
18947 
18948 
18949 
18950 
18960 
18961 
18962 
18963 
18964 
18965 
18966 
18967 
18968 
18969 
18970 
18971 
18972 
18973 
18974 
18975 
18976 
18977 
18978 
18979 
18980 
18990 
18991 
18992 
18993 
18994 
18995 
18996 
18997 
18998 
18999 
19000 
19001 
19002 
19003 
19004 
19005 
19006 
19007 
19008 
19009 
19010 
19020 
19021 
19022 
19023 
19024 
19025 
19026 
19027 
19028 
19029 
19030 
19031 
19032 
19033 
19034 
19035 
19036 
19037 
19038 
19039 
19040 
19050 
19051 
19052 
19053 
19054 
19055 
19056 
19057 
19058 
19059 
19060 
19061 
19062 
19063 
19064 
19065 
19066 
19067 
19068 
19069 
19070 
19080 
19081 
19082 
19083 
19084 
19085 
19086 
19087 
19088 
19089 
19090 
19091 
19092 
19093 
19094 
19095 
19096 
19097 
19098 
19099 
19100 
19110 
19111 
19112 
19113 
19114 
19115 
19116 
19117 
19118 
19119 
19120 
19121 
19122 
19123 
19124 
19125 
19126 
19127 
19128 
19129 
19130 
19140 
19141 
19142 
19143 
19144 
19145 
19146 
19147 
19148 
19149 
19150 
19151 
19152 
19153 
19154 
19155 
19156 
19157 
19158 
19159 
19160 
19170 
19171 
19172 
19173 
19174 
19175 
19176 
19177 
19178 
19179 
19180 
19181 
19182 
19183 
19184 
19185 
19186 
19187 
19188 
19189 
19190 
19200 
19201 
19202 
19203 
19204 
19205 
19206 
19207 
19208 
19209 
19210 
19211 
19212 
19213 
19214 
19215 
19216 
19217 
19218 
19219 
19220 
19230 
19231 
19232 
19233 
19234 
19235 
19236 
19237 
19238 
19239 
19240 
19241 
19242 
19243 
19244 
19245 
19246 
19247 
19248 
19249 
19250 
19260 
19261 
19262 
19263 
19264 
19265 
19266 
19267 
19268 
19269 
19270 
19271 
19272 
19273 
19274 
19275 
19276 
19277 
19278 
19279 
19280 
19290 
19291 
19292 
19293 
19294 
19295 
19296 
19297 
19298 
19299 
19300 
19301 
19302 
19303 
19304 
19305 
19306 
19307 
19308 
19309 
19310 
19320 
19321 
19322 
19323 
19324 
19325 
19326 
19327 
19328 
19329 
19330 
19331 
19332 
19333 
19334 
19335 
19336 
19337 
19338 
19339 
19340 
19350 
19351 
19352 
19353 
19354 
19355 
19356 
19357 
19358 
19359 
19360 
19361 
19362 
19363 
19364 
19365 
19366 
19367 
19368 
19369 
19370 
19920 
19921 
19922 
19923 
19924 
19925 
19926 
19927 
19928 
19929 
19930 
19931 
19932 
19933 
19934 
19935 
19936 
19937 
19938 
19939 
19940 
19950 
19951 
19952 
19953 
19954 
19955 
19956 
19957 
19958 
19959 
19960 
19961 
19962 
19963 
19964 
19965 
19966 
19967 
19968 
19969 
19970 
19980 
19981 
19982 
19983 
19984 
19985 
19986 
19987 
19988 
19989 
19990 
19991 
19992 
19993 
19994 
19995 
19996 
19997 
19998 
19999 
20000 
20010 
20011 
20012 
20013 
20014 
20015 
20016 
20017 
20018 
20019 
20020 
20021 
20022 
20023 
20024 
20025 
20026 
20027 
20028 
20029 
20030 
20040 
20041 
20042 
20043 
20044 
20045 
20046 
20047 
20048 
20049 
20050 
20051 
20052 
20053 
20054 
20055 
20056 
20057 
20058 
20059 
20060 
20070 
20071 
20072 
20073 
20074 
20075 
20076 
20077 
20078 
20079 
20080 
20081 
20082 
20083 
20084 
20085 
20086 
20087 
20088 
20089 
20090 
20100 
20101 
20102 
20103 
20104 
20105 
20106 
20107 
20108 
20109 
20110 
20111 
20112 
20113 
20114 
20115 
20116 
20117 
20118 
20119 
20120 
20130 
20131 
20132 
20133 
20134 
20135 
20136 
20137 
20138 
20139 
20140 
20141 
20142 
20143 
20144 
20145 
20146 
20147 
20148 
20149 
20150 
20160 
20161 
20162 
20163 
20164 
20165 
20166 
20167 
20168 
20169 
20170 
20171 
20172 
20173 
20174 
20175 
20176 
20177 
20178 
20179 
20180 
20190 
20191 
20192 
20193 
20194 
20195 
20196 
20197 
20198 
20199 
20200 
20201 
20202 
20203 
20204 
20205 
20206 
20207 
20208 
20209 
20210 
20220 
20221 
20222 
20223 
20224 
20225 
20226 
20227 
20228 
20229 
20230 
20231 
20232 
20233 
20234 
20235 
20236 
20237 
20238 
20239 
20240 
20250 
20251 
20252 
20253 
20254 
20255 
20256 
20257 
20258 
20259 
20260 
20261 
20262 
20263 
20264 
20265 
20266 
20267 
20268 
20269 
20270 
20280 
20281 
20282 
20283 
20284 
20285 
20286 
20287 
20288 
20289 
20290 
20291 
20292 
20293 
20294 
20295 
20296 
20297 
20298 
20299 
20300 
20310 
20311 
20312 
20313 
20314 
20315 
20316 
20317 
20318 
20319 
20320 
20321 
20322 
20323 
20324 
20325 
20326 
20327 
20328 
20329 
20330 
20340 
20341 
20342 
20343 
20344 
20345 
20346 
20347 
20348 
20349 
20350 
20351 
20352 
20353 
20354 
20355 
20356 
20357 
20358 
20359 
20360 
20370 
20371 
20372 
20373 
20374 
20375 
20376 
20377 
20378 
20379 
20380 
20381 
20382 
20383 
20384 
20385 
20386 
20387 
20388 
20389 
20390 
20940 
20941 
20942 
20943 
20944 
20945 
20946 
20947 
20948 
20949 
20950 
20951 
20952 
20953 
20954 
20955 
20956 
20957 
20958 
20959 
20960 
20970 
20971 
20972 
20973 
20974 
20975 
20976 
20977 
20978 
20979 
20980 
20981 
20982 
20983 
20984 
20985 
20986 
20987 
20988 
20989 
20990 
21000 
21001 
21002 
21003 
21004 
21005 
21006 
21007 
21008 
21009 
21010 
21011 
21012 
21013 
21014 
21015 
21016 
21017 
21018 
21019 
21020 
21030 
21031 
21032 
21033 
21034 
21035 
21036 
21037 
21038 
21039 
21040 
21041 
21042 
21043 
21044 
21045 
21046 
21047 
21048 
21049 
21050 
21060 
21061 
21062 
21063 
21064 
21065 
21066 
21067 
21068 
21069 
21070 
21071 
21072 
21073 
21074 
21075 
21076 
21077 
21078 
21079 
21080 
21090 
21091 
21092 
21093 
21094 
21095 
21096 
21097 
21098 
21099 
21100 
21101 
21102 
21103 
21104 
21105 
21106 
21107 
21108 
21109 
21110 
21120 
21121 
21122 
21123 
21124 
21125 
21126 
21127 
21128 
21129 
21130 
21131 
21132 
21133 
21134 
21135 
21136 
21137 
21138 
21139 
21140 
21150 
21151 
21152 
21153 
21154 
21155 
21156 
21157 
21158 
21159 
21160 
21161 
21162 
21163 
21164 
21165 
21166 
21167 
21168 
21169 
21170 
21180 
21181 
21182 
21183 
21184 
21185 
21186 
21187 
21188 
21189 
21190 
21191 
21192 
21193 
21194 
21195 
21196 
21197 
21198 
21199 
21200 
21210 
21211 
21212 
21213 
21214 
21215 
21216 
21217 
21218 
21219 
21220 
21221 
21222 
21223 
21224 
21225 
21226 
21227 
21228 
21229 
21230 
21240 
21241 
21242 
21243 
21244 
21245 
21246 
21247 
21248 
21249 
21250 
21251 
21252 
21253 
21254 
21255 
21256 
21257 
21258 
21259 
21260 
21270 
21271 
21272 
21273 
21274 
21275 
21276 
21277 
21278 
21279 
21280 
21281 
21282 
21283 
21284 
21285 
21286 
21287 
21288 
21289 
21290 
21300 
21301 
21302 
21303 
21304 
21305 
21306 
21307 
21308 
21309 
21310 
21311 
21312 
21313 
21314 
21315 
21316 
21317 
21318 
21319 
21320 
21330 
21331 
21332 
21333 
21334 
21335 
21336 
21337 
21338 
21339 
21340 
21341 
21342 
21343 
21344 
21345 
21346 
21347 
21348 
21349 
21350 
21360 
21361 
21362 
21363 
21364 
21365 
21366 
21367 
21368 
21369 
21370 
21371 
21372 
21373 
21374 
21375 
21376 
21377 
21378 
21379 
21380 
21390 
21391 
21392 
21393 
21394 
21395 
21396 
21397 
21398 
21399 
21400 
21401 
21402 
21403 
21404 
21405 
21406 
21407 
21408 
21409 
21410 
29580 
29581 
29582 
29583 
29584 
29585 
29586 
29587 
29588 
29589 
29590 
29591 
29592 
29593 
29594 
29595 
29596 
29597 
29598 
29599 
29600 
29610 
29611 
29612 
29613 
29614 
29615 
29616 
29617 
29618 
29619 
29620 
29621 
29622 
29623 
29624 
29625 
29626 
29627 
29628 
29629 
29630 
29640 
29641 
29642 
29643 
29644 
29645 
29646 
29647 
29648 
29649 
29650 
29651 
29652 
29653 
29654 
29655 
29656 
29657 
29658 
29659 
29660 
29670 
29671 
29672 
29673 
29674 
29675 
29676 
29677 
29678 
29679 
29680 
29681 
29682 
29683 
29684 
29685 
29686 
29687 
29688 
29689 
29690 
29700 
29701 
29702 
29703 
29704 
29705 
29706 
29707 
29708 
29709 
29710 
29711 
29712 
29713 
29714 
29715 
29716 
29717 
29718 
29719 
29720 
29730 
29731 
29732 
29733 
29734 
29735 
29736 
29737 
29738 
29739 
29740 
29741 
29742 
29743 
29744 
29745 
29746 
29747 
29748 
29749 
29750 
29760 
29761 
29762 
29763 
29764 
29765 
29766 
29767 
29768 
29769 
29770 
29771 
29772 
29773 
29774 
29775 
29776 
29777 
29778 
29779 
29780 
29790 
29791 
29792 
29793 
29794 
29795 
29796 
29797 
29798 
29799 
29800 
29801 
29802 
29803 
29804 
29805 
29806 
29807 
29808 
29809 
29810 
29820 
29821 
29822 
29823 
29824 
29825 
29826 
29827 
29828 
29829 
29830 
29831 
29832 
29833 
29834 
29835 
29836 
29837 
29838 
29839 
29840 
29850 
29851 
29852 
29853 
29854 
29855 
29856 
29857 
29858 
29859 
29860 
29861 
29862 
29863 
29864 
29865 
29866 
29867 
29868 
29869 
29870 
29880 
29881 
29882 
29883 
29884 
29885 
29886 
29887 
29888 
29889 
29890 
29891 
29892 
29893 
29894 
29895 
29896 
29897 
29898 
29899 
29900 
29910 
29911 
29912 
29913 
29914 
29915 
29916 
29917 
29918 
29919 
29920 
29921 
29922 
29923 
29924 
29925 
29926 
29927 
29928 
29929 
29930 
29940 
29941 
29942 
29943 
29944 
29945 
29946 
29947 
29948 
29949 
29950 
29951 
29952 
29953 
29954 
29955 
29956 
29957 
29958 
29959 
29960 
29970 
29971 
29972 
29973 
29974 
29975 
29976 
29977 
29978 
29979 
29980 
29981 
29982 
29983 
29984 
29985 
29986 
29987 
29988 
29989 
29990 
30000 
30001 
30002 
30003 
30004 
30005 
30006 
30007 
30008 
30009 
30010 
30011 
30012 
30013 
30014 
30015 
30016 
30017 
30018 
30019 
30020 
30030 
30031 
30032 
30033 
30034 
30035 
30036 
30037 
30038 
30039 
30040 
30041 
30042 
30043 
30044 
30045 
30046 
30047 
30048 
30049 
30050 
30600 
30601 
30602 
30603 
30604 
30605 
30606 
30607 
30608 
30609 
30610 
30611 
30612 
30613 
30614 
30615 
30616 
30617 
30618 
30619 
30620 
30630 
30631 
30632 
30633 
30634 
30635 
30636 
30637 
30638 
30639 
30640 
30641 
30642 
30643 
30644 
30645 
30646 
30647 
30648 
30649 
30650 
30660 
30661 
30662 
30663 
30664 
30665 
30666 
30667 
30668 
30669 
30670 
30671 
30672 
30673 
30674 
30675 
30676 
30677 
30678 
30679 
30680 
30690 
30691 
30692 
30693 
30694 
30695 
30696 
30697 
30698 
30699 
30700 
30701 
30702 
30703 
30704 
30705 
30706 
30707 
30708 
30709 
30710 
30720 
30721 
30722 
30723 
30724 
30725 
30726 
30727 
30728 
30729 
30730 
30731 
30732 
30733 
30734 
30735 
30736 
30737 
30738 
30739 
30740 
30750 
30751 
30752 
30753 
30754 
30755 
30756 
30757 
30758 
30759 
30760 
30761 
30762 
30763 
30764 
30765 
30766 
30767 
30768 
30769 
30770 
30780 
30781 
30782 
30783 
30784 
30785 
30786 
30787 
30788 
30789 
30790 
30791 
30792 
30793 
30794 
30795 
30796 
30797 
30798 
30799 
30800 
30810 
30811 
30812 
30813 
30814 
30815 
30816 
30817 
30818 
30819 
30820 
30821 
30822 
30823 
30824 
30825 
30826 
30827 
30828 
30829 
30830 
30840 
30841 
30842 
30843 
30844 
30845 
30846 
30847 
30848 
30849 
30850 
30851 
30852 
30853 
30854 
30855 
30856 
30857 
30858 
30859 
30860 
30870 
30871 
30872 
30873 
30874 
30875 
30876 
30877 
30878 
30879 
30880 
30881 
30882 
30883 
30884 
30885 
30886 
30887 
30888 
30889 
30890 
30900 
30901 
30902 
30903 
30904 
30905 
30906 
30907 
30908 
30909 
30910 
30911 
30912 
30913 
30914 
30915 
30916 
30917 
30918 
30919 
30920 
30930 
30931 
30932 
30933 
30934 
30935 
30936 
30937 
30938 
30939 
30940 
30941 
30942 
30943 
30944 
30945 
30946 
30947 
30948 
30949 
30950 
30960 
30961 
30962 
30963 
30964 
30965 
30966 
30967 
30968 
30969 
30970 
30971 
30972 
30973 
30974 
30975 
30976 
30977 
30978 
30979 
30980 
30990 
30991 
30992 
30993 
30994 
30995 
30996 
30997 
30998 
30999 
31000 
31001 
31002 
31003 
31004 
31005 
31006 
31007 
31008 
31009 
31010 
31020 
31021 
31022 
31023 
31024 
31025 
31026 
31027 
31028 
31029 
31030 
31031 
31032 
31033 
31034 
31035 
31036 
31037 
31038 
31039 
31040 
31050 
31051 
31052 
31053 
31054 
31055 
31056 
31057 
31058 
31059 
31060 
31061 
31062 
31063 
31064 
31065 
31066 
31067 
31068 
31069 
31070 
31620 
31621 
31622 
31623 
31624 
31625 
31626 
31627 
31628 
31629 
31630 
31631 
31632 
31633 
31634 
31635 
31636 
31637 
31638 
31639 
31640 
31650 
31651 
31652 
31653 
31654 
31655 
31656 
31657 
31658 
31659 
31660 
31661 
31662 
31663 
31664 
31665 
31666 
31667 
31668 
31669 
31670 
31680 
31681 
31682 
31683 
31684 
31685 
31686 
31687 
31688 
31689 
31690 
31691 
31692 
31693 
31694 
31695 
31696 
31697 
31698 
31699 
31700 
31710 
31711 
31712 
31713 
31714 
31715 
31716 
31717 
31718 
31719 
31720 
31721 
31722 
31723 
31724 
31725 
31726 
31727 
31728 
31729 
31730 
31740 
31741 
31742 
31743 
31744 
31745 
31746 
31747 
31748 
31749 
31750 
31751 
31752 
31753 
31754 
31755 
31756 
31757 
31758 
31759 
31760 
31770 
31771 
31772 
31773 
31774 
31775 
31776 
31777 
31778 
31779 
31780 
31781 
31782 
31783 
31784 
31785 
31786 
31787 
31788 
31789 
31790 
31800 
31801 
31802 
31803 
31804 
31805 
31806 
31807 
31808 
31809 
31810 
31811 
31812 
31813 
31814 
31815 
31816 
31817 
31818 
31819 
31820 
31830 
31831 
31832 
31833 
31834 
31835 
31836 
31837 
31838 
31839 
31840 
31841 
31842 
31843 
31844 
31845 
31846 
31847 
31848 
31849 
31850 
31860 
31861 
31862 
31863 
31864 
31865 
31866 
31867 
31868 
31869 
31870 
31871 
31872 
31873 
31874 
31875 
31876 
31877 
31878 
31879 
31880 
31890 
31891 
31892 
31893 
31894 
31895 
31896 
31897 
31898 
31899 
31900 
31901 
31902 
31903 
31904 
31905 
31906 
31907 
31908 
31909 
31910 
31920 
31921 
31922 
31923 
31924 
31925 
31926 
31927 
31928 
31929 
31930 
31931 
31932 
31933 
31934 
31935 
31936 
31937 
31938 
31939 
31940 
31950 
31951 
31952 
31953 
31954 
31955 
31956 
31957 
31958 
31959 
31960 
31961 
31962 
31963 
31964 
31965 
31966 
31967 
31968 
31969 
31970 
31980 
31981 
31982 
31983 
31984 
31985 
31986 
31987 
31988 
31989 
31990 
31991 
31992 
31993 
31994 
31995 
31996 
31997 
31998 
31999 
32000 
32010 
32011 
32012 
32013 
32014 
32015 
32016 
32017 
32018 
32019 
32020 
32021 
32022 
32023 
32024 
32025 
32026 
32027 
32028 
32029 
32030 
32040 
32041 
32042 
32043 
32044 
32045 
32046 
32047 
32048 
32049 
32050 
32051 
32052 
32053 
32054 
32055 
32056 
32057 
32058 
32059 
32060 
32070 
32071 
32072 
32073 
32074 
32075 
32076 
32077 
32078 
32079 
32080 
32081 
32082 
32083 
32084 
32085 
32086 
32087 
32088 
32089 
32090 
32640 
32641 
32642 
32643 
32644 
32645 
32646 
32647 
32648 
32649 
32650 
32651 
32652 
32653 
32654 
32655 
32656 
32657 
32658 
32659 
32660 
32670 
32671 
32672 
32673 
32674 
32675 
32676 
32677 
32678 
32679 
32680 
32681 
32682 
32683 
32684 
32685 
32686 
32687 
32688 
32689 
32690 
32700 
32701 
32702 
32703 
32704 
32705 
32706 
32707 
32708 
32709 
32710 
32711 
32712 
32713 
32714 
32715 
32716 
32717 
32718 
32719 
32720 
32730 
32731 
32732 
32733 
32734 
32735 
32736 
32737 
32738 
32739 
32740 
32741 
32742 
32743 
32744 
32745 
32746 
32747 
32748 
32749 
32750 
32760 
32761 
32762 
32763 
32764 
32765 
32766 
32767 
)

// ************************************************************************* //
